256
1	1	0	0	0	0	0	0	4	0	1	66	65	29	29
1	1	0	0	0	0	0	0	4	0	2	64	65	66	66
1	1	0	0	0	0	0	0	4	0	3	64	6	65	65
1	1	0	0	0	0	0	0	4	0	4	43	64	66	66
1	1	0	0	0	0	0	0	4	0	5	69	68	5	5
1	1	0	0	0	0	0	0	4	0	6	67	68	69	69
1	1	0	0	0	0	0	0	4	0	7	67	34	68	68
1	1	0	0	0	0	0	0	4	0	8	43	67	69	69
1	1	0	0	0	0	0	0	4	0	9	66	29	71	71
1	1	0	0	0	0	0	0	4	0	10	70	66	71	71
1	1	0	0	0	0	0	0	4	0	11	70	71	35	35
1	1	0	0	0	0	0	0	4	0	12	43	66	70	70
1	1	0	0	0	0	0	0	4	0	13	73	39	72	72
1	1	0	0	0	0	0	0	4	0	14	67	73	72	72
1	1	0	0	0	0	0	0	4	0	15	67	72	34	34
1	1	0	0	0	0	0	0	4	0	16	43	73	67	67
1	1	0	0	0	0	0	0	4	0	17	76	29	75	75
1	1	0	0	0	0	0	0	4	0	18	74	76	75	75
1	1	0	0	0	0	0	0	4	0	19	74	75	7	7
1	1	0	0	0	0	0	0	4	0	20	42	76	74	74
1	1	0	0	0	0	0	0	4	0	21	79	8	78	78
1	1	0	0	0	0	0	0	4	0	22	77	79	78	78
1	1	0	0	0	0	0	0	4	0	23	77	78	21	21
1	1	0	0	0	0	0	0	4	0	24	42	79	77	77
1	1	0	0	0	0	0	0	4	0	25	76	81	29	29
1	1	0	0	0	0	0	0	4	0	26	80	81	76	76
1	1	0	0	0	0	0	0	4	0	27	80	22	81	81
1	1	0	0	0	0	0	0	4	0	28	42	80	76	76
1	1	0	0	0	0	0	0	4	0	29	83	82	30	30
1	1	0	0	0	0	0	0	4	0	30	77	82	83	83
1	1	0	0	0	0	0	0	4	0	31	77	21	82	82
1	1	0	0	0	0	0	0	4	0	32	42	77	83	83
1	1	0	0	0	0	0	0	4	0	33	85	82	21	21
1	1	0	0	0	0	0	0	4	0	34	84	82	85	85
1	1	0	0	0	0	0	0	4	0	35	84	30	82	82
1	1	0	0	0	0	0	0	4	0	36	9	84	85	85
1	1	0	0	0	0	0	0	4	0	37	83	80	42	42
1	1	0	0	0	0	0	0	4	0	38	86	80	83	83
1	1	0	0	0	0	0	0	4	0	39	86	22	80	80
1	1	0	0	0	0	0	0	4	0	40	30	86	83	83
1	1	0	0	0	0	0	0	4	0	41	89	1	88	88
1	1	0	0	0	0	0	0	4	0	42	87	89	88	88
1	1	0	0	0	0	0	0	4	0	43	87	88	36	36
1	1	0	0	0	0	0	0	4	0	44	41	89	87	87
1	1	0	0	0	0	0	0	4	0	45	91	41	87	87
1	1	0	0	0	0	0	0	4	0	46	90	91	87	87
1	1	0	0	0	0	0	0	4	0	47	90	87	36	36
1	1	0	0	0	0	0	0	4	0	48	25	91	90	90
1	1	0	0	0	0	0	0	4	0	49	89	63	1	1
1	1	0	0	0	0	0	0	4	0	50	92	63	89	89
1	1	0	0	0	0	0	0	4	0	51	92	19	63	63
1	1	0	0	0	0	0	0	4	0	52	41	92	89	89
1	1	0	0	0	0	0	0	4	0	53	94	93	16	16
1	1	0	0	0	0	0	0	4	0	54	91	93	94	94
1	1	0	0	0	0	0	0	4	0	55	91	25	93	93
1	1	0	0	0	0	0	0	4	0	56	41	91	94	94
1	1	0	0	0	0	0	0	4	0	57	97	26	96	96
1	1	0	0	0	0	0	0	4	0	58	95	97	96	96
1	1	0	0	0	0	0	0	4	0	59	95	96	28	28
1	1	0	0	0	0	0	0	4	0	60	40	97	95	95
1	1	0	0	0	0	0	0	4	0	61	100	33	99	99
1	1	0	0	0	0	0	0	4	0	62	98	100	99	99
1	1	0	0	0	0	0	0	4	0	63	98	99	27	27
1	1	0	0	0	0	0	0	4	0	64	40	100	98	98
1	1	0	0	0	0	0	0	4	0	65	102	47	14	14
1	1	0	0	0	0	0	0	4	0	66	101	47	102	102
1	1	0	0	0	0	0	0	4	0	67	101	13	47	47
1	1	0	0	0	0	0	0	4	0	68	40	101	102	102
1	1	0	0	0	0	0	0	4	0	69	98	101	40	40
1	1	0	0	0	0	0	0	4	0	70	103	101	98	98
1	1	0	0	0	0	0	0	4	0	71	103	13	101	101
1	1	0	0	0	0	0	0	4	0	72	27	103	98	98
1	1	0	0	0	0	0	0	4	0	73	105	59	20	20
1	1	0	0	0	0	0	0	4	0	74	104	59	105	105
1	1	0	0	0	0	0	0	4	0	75	104	4	59	59
1	1	0	0	0	0	0	0	4	0	76	34	104	105	105
1	1	0	0	0	0	0	0	4	0	77	94	92	41	41
1	1	0	0	0	0	0	0	4	0	78	44	92	94	94
1	1	0	0	0	0	0	0	4	0	79	44	19	92	92
1	1	0	0	0	0	0	0	4	0	80	16	44	94	94
1	1	0	0	0	0	0	0	4	0	81	108	107	3	3
1	1	0	0	0	0	0	0	4	0	82	106	107	108	108
1	1	0	0	0	0	0	0	4	0	83	106	38	107	107
1	1	0	0	0	0	0	0	4	0	84	39	106	108	108
1	1	0	0	0	0	0	0	4	0	85	111	110	39	39
1	1	0	0	0	0	0	0	4	0	86	109	110	111	111
1	1	0	0	0	0	0	0	4	0	87	109	37	110	110
1	1	0	0	0	0	0	0	4	0	88	35	109	111	111
1	1	0	0	0	0	0	0	4	0	89	113	49	18	18
1	1	0	0	0	0	0	0	4	0	90	112	49	113	113
1	1	0	0	0	0	0	0	4	0	91	112	12	49	49
1	1	0	0	0	0	0	0	4	0	92	27	112	113	113
1	1	0	0	0	0	0	0	4	0	93	114	107	38	38
1	1	0	0	0	0	0	0	4	0	94	61	107	114	114
1	1	0	0	0	0	0	0	4	0	95	61	3	107	107
1	1	0	0	0	0	0	0	4	0	96	2	61	114	114
1	1	0	0	0	0	0	0	4	0	97	117	116	11	11
1	1	0	0	0	0	0	0	4	0	98	115	116	117	117
1	1	0	0	0	0	0	0	4	0	99	115	32	116	116
1	1	0	0	0	0	0	0	4	0	100	33	115	117	117
1	1	0	0	0	0	0	0	4	0	101	120	119	37	37
1	1	0	0	0	0	0	0	4	0	102	118	119	120	120
1	1	0	0	0	0	0	0	4	0	103	118	36	119	119
1	1	0	0	0	0	0	0	4	0	104	24	118	120	120
1	1	0	0	0	0	0	0	4	0	105	69	64	43	43
1	1	0	0	0	0	0	0	4	0	106	57	64	69	69
1	1	0	0	0	0	0	0	4	0	107	57	6	64	64
1	1	0	0	0	0	0	0	4	0	108	5	57	69	69
1	1	0	0	0	0	0	0	4	0	109	121	54	17	17
1	1	0	0	0	0	0	0	4	0	110	78	54	121	121
1	1	0	0	0	0	0	0	4	0	111	78	8	54	54
1	1	0	0	0	0	0	0	4	0	112	21	78	121	121
1	1	0	0	0	0	0	0	4	0	113	122	116	32	32
1	1	0	0	0	0	0	0	4	0	114	51	116	122	122
1	1	0	0	0	0	0	0	4	0	115	51	11	116	116
1	1	0	0	0	0	0	0	4	0	116	10	51	122	122
1	1	0	0	0	0	0	0	4	0	117	125	124	33	33
1	1	0	0	0	0	0	0	4	0	118	123	124	125	125
1	1	0	0	0	0	0	0	4	0	119	123	31	124	124
1	1	0	0	0	0	0	0	4	0	120	28	123	125	125
1	1	0	0	0	0	0	0	4	0	121	127	126	31	31
1	1	0	0	0	0	0	0	4	0	122	86	126	127	127
1	1	0	0	0	0	0	0	4	0	123	86	30	126	126
1	1	0	0	0	0	0	0	4	0	124	22	86	127	127
1	1	0	0	0	0	0	0	4	0	125	102	97	40	40
1	1	0	0	0	0	0	0	4	0	126	128	97	102	102
1	1	0	0	0	0	0	0	4	0	127	128	26	97	97
1	1	0	0	0	0	0	0	4	0	128	14	128	102	102
1	1	0	0	0	0	0	0	4	0	129	75	56	7	7
1	1	0	0	0	0	0	0	4	0	130	65	56	75	75
1	1	0	0	0	0	0	0	4	0	131	65	6	56	56
1	1	0	0	0	0	0	0	4	0	132	29	65	75	75
1	1	0	0	0	0	0	0	4	0	133	129	46	15	15
1	1	0	0	0	0	0	0	4	0	134	128	46	129	129
1	1	0	0	0	0	0	0	4	0	135	128	14	46	46
1	1	0	0	0	0	0	0	4	0	136	26	128	129	129
1	1	0	0	0	0	0	0	4	0	137	104	130	4	4
1	1	0	0	0	0	0	0	4	0	138	72	130	104	104
1	1	0	0	0	0	0	0	4	0	139	72	39	130	130
1	1	0	0	0	0	0	0	4	0	140	34	72	104	104
1	1	0	0	0	0	0	0	4	0	141	105	68	34	34
1	1	0	0	0	0	0	0	4	0	142	58	68	105	105
1	1	0	0	0	0	0	0	4	0	143	58	5	68	68
1	1	0	0	0	0	0	0	4	0	144	20	58	105	105
1	1	0	0	0	0	0	0	4	0	145	108	130	39	39
1	1	0	0	0	0	0	0	4	0	146	60	130	108	108
1	1	0	0	0	0	0	0	4	0	147	60	4	130	130
1	1	0	0	0	0	0	0	4	0	148	3	60	108	108
1	1	0	0	0	0	0	0	4	0	149	110	106	39	39
1	1	0	0	0	0	0	0	4	0	150	131	106	110	110
1	1	0	0	0	0	0	0	4	0	151	131	38	106	106
1	1	0	0	0	0	0	0	4	0	152	37	131	110	110
1	1	0	0	0	0	0	0	4	0	153	73	43	70	70
1	1	0	0	0	0	0	0	4	0	154	111	73	70	70
1	1	0	0	0	0	0	0	4	0	155	111	70	35	35
1	1	0	0	0	0	0	0	4	0	156	39	73	111	111
1	1	0	0	0	0	0	0	4	0	157	88	132	36	36
1	1	0	0	0	0	0	0	4	0	158	62	132	88	88
1	1	0	0	0	0	0	0	4	0	159	62	2	132	132
1	1	0	0	0	0	0	0	4	0	160	1	62	88	88
1	1	0	0	0	0	0	0	4	0	161	113	103	27	27
1	1	0	0	0	0	0	0	4	0	162	48	103	113	113
1	1	0	0	0	0	0	0	4	0	163	48	13	103	103
1	1	0	0	0	0	0	0	4	0	164	18	48	113	113
1	1	0	0	0	0	0	0	4	0	165	112	133	12	12
1	1	0	0	0	0	0	0	4	0	166	99	133	112	112
1	1	0	0	0	0	0	0	4	0	167	99	33	133	133
1	1	0	0	0	0	0	0	4	0	168	27	99	112	112
1	1	0	0	0	0	0	0	4	0	169	114	132	2	2
1	1	0	0	0	0	0	0	4	0	170	134	132	114	114
1	1	0	0	0	0	0	0	4	0	171	134	36	132	132
1	1	0	0	0	0	0	0	4	0	172	38	134	114	114
1	1	0	0	0	0	0	0	4	0	173	131	134	38	38
1	1	0	0	0	0	0	0	4	0	174	119	134	131	131
1	1	0	0	0	0	0	0	4	0	175	119	36	134	134
1	1	0	0	0	0	0	0	4	0	176	37	119	131	131
1	1	0	0	0	0	0	0	4	0	177	117	133	33	33
1	1	0	0	0	0	0	0	4	0	178	50	133	117	117
1	1	0	0	0	0	0	0	4	0	179	50	12	133	133
1	1	0	0	0	0	0	0	4	0	180	11	50	117	117
1	1	0	0	0	0	0	0	4	0	181	120	136	24	24
1	1	0	0	0	0	0	0	4	0	182	135	136	120	120
1	1	0	0	0	0	0	0	4	0	183	135	23	136	136
1	1	0	0	0	0	0	0	4	0	184	37	135	120	120
1	1	0	0	0	0	0	0	4	0	185	109	135	37	37
1	1	0	0	0	0	0	0	4	0	186	137	135	109	109
1	1	0	0	0	0	0	0	4	0	187	137	23	135	135
1	1	0	0	0	0	0	0	4	0	188	35	137	109	109
1	1	0	0	0	0	0	0	4	0	189	71	138	35	35
1	1	0	0	0	0	0	0	4	0	190	81	138	71	71
1	1	0	0	0	0	0	0	4	0	191	81	22	138	138
1	1	0	0	0	0	0	0	4	0	192	29	81	71	71
1	1	0	0	0	0	0	0	4	0	193	118	90	36	36
1	1	0	0	0	0	0	0	4	0	194	139	90	118	118
1	1	0	0	0	0	0	0	4	0	195	139	25	90	90
1	1	0	0	0	0	0	0	4	0	196	24	139	118	118
1	1	0	0	0	0	0	0	4	0	197	121	85	21	21
1	1	0	0	0	0	0	0	4	0	198	53	85	121	121
1	1	0	0	0	0	0	0	4	0	199	53	9	85	85
1	1	0	0	0	0	0	0	4	0	200	17	53	121	121
1	1	0	0	0	0	0	0	4	0	201	138	137	35	35
1	1	0	0	0	0	0	0	4	0	202	140	137	138	138
1	1	0	0	0	0	0	0	4	0	203	140	23	137	137
1	1	0	0	0	0	0	0	4	0	204	22	140	138	138
1	1	0	0	0	0	0	0	4	0	205	142	126	30	30
1	1	0	0	0	0	0	0	4	0	206	141	126	142	142
1	1	0	0	0	0	0	0	4	0	207	141	31	126	126
1	1	0	0	0	0	0	0	4	0	208	32	141	142	142
1	1	0	0	0	0	0	0	4	0	209	122	143	10	10
1	1	0	0	0	0	0	0	4	0	210	142	143	122	122
1	1	0	0	0	0	0	0	4	0	211	142	30	143	143
1	1	0	0	0	0	0	0	4	0	212	32	142	122	122
1	1	0	0	0	0	0	0	4	0	213	84	143	30	30
1	1	0	0	0	0	0	0	4	0	214	52	143	84	84
1	1	0	0	0	0	0	0	4	0	215	52	10	143	143
1	1	0	0	0	0	0	0	4	0	216	9	52	84	84
1	1	0	0	0	0	0	0	4	0	217	124	115	33	33
1	1	0	0	0	0	0	0	4	0	218	141	115	124	124
1	1	0	0	0	0	0	0	4	0	219	141	32	115	115
1	1	0	0	0	0	0	0	4	0	220	31	141	124	124
1	1	0	0	0	0	0	0	4	0	221	100	40	95	95
1	1	0	0	0	0	0	0	4	0	222	125	100	95	95
1	1	0	0	0	0	0	0	4	0	223	125	95	28	28
1	1	0	0	0	0	0	0	4	0	224	33	100	125	125
1	1	0	0	0	0	0	0	4	0	225	127	140	22	22
1	1	0	0	0	0	0	0	4	0	226	144	140	127	127
1	1	0	0	0	0	0	0	4	0	227	144	23	140	140
1	1	0	0	0	0	0	0	4	0	228	31	144	127	127
1	1	0	0	0	0	0	0	4	0	229	123	144	31	31
1	1	0	0	0	0	0	0	4	0	230	145	144	123	123
1	1	0	0	0	0	0	0	4	0	231	145	23	144	144
1	1	0	0	0	0	0	0	4	0	232	28	145	123	123
1	1	0	0	0	0	0	0	4	0	233	96	147	28	28
1	1	0	0	0	0	0	0	4	0	234	146	147	96	96
1	1	0	0	0	0	0	0	4	0	235	146	24	147	147
1	1	0	0	0	0	0	0	4	0	236	26	146	96	96
1	1	0	0	0	0	0	0	4	0	237	147	145	28	28
1	1	0	0	0	0	0	0	4	0	238	136	145	147	147
1	1	0	0	0	0	0	0	4	0	239	136	23	145	145
1	1	0	0	0	0	0	0	4	0	240	24	136	147	147
1	1	0	0	0	0	0	0	4	0	241	148	146	26	26
1	1	0	0	0	0	0	0	4	0	242	139	146	148	148
1	1	0	0	0	0	0	0	4	0	243	139	24	146	146
1	1	0	0	0	0	0	0	4	0	244	25	139	148	148
1	1	0	0	0	0	0	0	4	0	245	129	148	26	26
1	1	0	0	0	0	0	0	4	0	246	149	148	129	129
1	1	0	0	0	0	0	0	4	0	247	149	25	148	148
1	1	0	0	0	0	0	0	4	0	248	15	149	129	129
1	1	0	0	0	0	0	0	4	0	249	79	42	74	74
1	1	0	0	0	0	0	0	4	0	250	55	79	74	74
1	1	0	0	0	0	0	0	4	0	251	55	74	7	7
1	1	0	0	0	0	0	0	4	0	252	8	79	55	55
1	1	0	0	0	0	0	0	4	0	253	149	93	25	25
1	1	0	0	0	0	0	0	4	0	254	45	93	149	149
1	1	0	0	0	0	0	0	4	0	255	45	16	93	93
1	1	0	0	0	0	0	0	4	0	256	15	45	149	149