Mat Object: 4 MPI processes
  type: mpiaij
row 0: (0, 0.)  (1, 0.)  (2, 0.)  (3, 0.)  (4, 0.)  (5, 0.)  (6, 0.)  (7, 0.)  (8, 0.)  (9, 0.)  (10, 0.)  (11, 0.)  (12, 0.)  (13, 0.)  (14, 0.)  (15, 0.)  (16, 0.)  (17, 0.)  (18, 0.)  (19, 0.)  (20, 0.)  (21, 0.)  (22, 0.)  (23, 0.)  (24, 0.)  (25, 0.)  (26, 0.)  (27, 0.)  (28, 0.)  (29, 0.) 
row 1: (0, 0.)  (1, 0.)  (2, 0.)  (3, 0.)  (4, 0.)  (5, 0.)  (6, 0.)  (7, 0.)  (8, 0.)  (9, 0.)  (10, 0.)  (11, 0.)  (12, 0.)  (13, 0.)  (14, 0.)  (15, 0.)  (16, 0.)  (17, 0.)  (18, 0.)  (19, 0.)  (20, 0.)  (21, 0.)  (22, 0.)  (23, 0.)  (24, 0.)  (25, 0.)  (26, 0.)  (27, 0.)  (28, 0.)  (29, 0.) 
row 2: (0, 0.)  (1, 0.)  (2, 0.)  (3, 0.)  (4, 0.)  (5, 0.)  (6, 0.)  (7, 0.)  (8, 0.)  (9, 0.)  (10, 0.)  (11, 0.)  (12, 0.)  (13, 0.)  (14, 0.)  (15, 0.)  (16, 0.)  (17, 0.)  (18, 0.)  (19, 0.)  (20, 0.)  (21, 0.)  (22, 0.)  (23, 0.)  (24, 0.)  (25, 0.)  (26, 0.)  (27, 0.)  (28, 0.)  (29, 0.) 
row 3: (0, 0.)  (1, 0.)  (2, 0.)  (3, 0.)  (4, 0.)  (5, 0.)  (6, 0.)  (7, 0.)  (8, 0.)  (9, 0.)  (10, 0.)  (11, 0.)  (12, 0.)  (13, 0.)  (14, 0.)  (15, 0.)  (16, 0.)  (17, 0.)  (18, 0.)  (19, 0.)  (20, 0.)  (21, 0.)  (22, 0.)  (23, 0.)  (24, 0.)  (25, 0.)  (26, 0.)  (27, 0.)  (28, 0.)  (29, 0.) 
row 4: (0, 0.)  (1, 0.)  (2, 0.)  (3, 0.)  (4, 0.)  (5, 0.)  (6, 0.)  (7, 0.)  (8, 0.)  (9, 0.)  (10, 0.)  (11, 0.)  (12, 0.)  (13, 0.)  (14, 0.)  (15, 0.)  (16, 0.)  (17, 0.)  (18, 0.)  (19, 0.)  (20, 0.)  (21, 0.)  (22, 0.)  (23, 0.)  (24, 0.)  (25, 0.)  (26, 0.)  (27, 0.)  (28, 0.)  (29, 0.) 
row 5: (0, 0.)  (1, 0.)  (2, 0.)  (3, 0.)  (4, 0.)  (5, 0.)  (6, 0.)  (7, 0.)  (8, 0.)  (9, 0.)  (10, 0.)  (11, 0.)  (12, 0.)  (13, 0.)  (14, 0.)  (15, 0.)  (16, 0.)  (17, 0.)  (18, 0.)  (19, 0.)  (20, 0.)  (21, 0.)  (22, 0.)  (23, 0.)  (24, 0.)  (25, 0.)  (26, 0.)  (27, 0.)  (28, 0.)  (29, 0.) 
row 6: (0, 0.)  (1, 0.)  (2, 0.)  (3, 0.)  (4, 0.)  (5, 0.)  (6, 0.)  (7, 0.)  (8, 0.)  (9, 0.)  (10, 0.)  (11, 0.)  (12, 0.)  (13, 0.)  (14, 0.)  (15, 0.)  (16, 0.)  (17, 0.)  (18, 0.)  (19, 0.)  (20, 0.)  (21, 0.)  (22, 0.)  (23, 0.)  (24, 0.)  (25, 0.)  (26, 0.)  (27, 0.)  (28, 0.)  (29, 0.) 
row 7: (0, 0.)  (1, 0.)  (2, 0.)  (3, 0.)  (4, 0.)  (5, 0.)  (6, 0.)  (7, 0.)  (8, 0.)  (9, 0.)  (10, 0.)  (11, 0.)  (12, 0.)  (13, 0.)  (14, 0.)  (15, 0.)  (16, 0.)  (17, 0.)  (18, 0.)  (19, 0.)  (20, 0.)  (21, 0.)  (22, 0.)  (23, 0.)  (24, 0.)  (25, 0.)  (26, 0.)  (27, 0.)  (28, 0.)  (29, 0.) 
row 8: (0, 0.)  (1, 0.)  (2, 0.)  (3, 0.)  (4, 0.)  (5, 0.)  (6, 0.)  (7, 0.)  (8, 0.)  (9, 0.)  (10, 0.)  (11, 0.)  (12, 0.)  (13, 0.)  (14, 0.)  (15, 0.)  (16, 0.)  (17, 0.)  (18, 0.)  (19, 0.)  (20, 0.)  (21, 0.)  (22, 0.)  (23, 0.)  (24, 0.)  (25, 0.)  (26, 0.)  (27, 0.)  (28, 0.)  (29, 0.) 
row 9: (0, 0.)  (1, 0.)  (2, 0.)  (3, 0.)  (4, 0.)  (5, 0.)  (6, 0.)  (7, 0.)  (8, 0.)  (9, 0.)  (10, 0.)  (11, 0.)  (12, 0.)  (13, 0.)  (14, 0.)  (15, 0.)  (16, 0.)  (17, 0.)  (18, 0.)  (19, 0.)  (20, 0.)  (21, 0.)  (22, 0.)  (23, 0.)  (24, 0.)  (25, 0.)  (26, 0.)  (27, 0.)  (28, 0.)  (29, 0.) 
row 10: (0, 0.)  (1, 0.)  (2, 0.)  (3, 0.)  (4, 0.)  (5, 0.)  (6, 0.)  (7, 0.)  (8, 0.)  (9, 0.)  (10, 0.)  (11, 0.)  (12, 0.)  (13, 0.)  (14, 0.)  (15, 0.)  (16, 0.)  (17, 0.)  (18, 0.)  (19, 0.)  (20, 0.)  (21, 0.)  (22, 0.)  (23, 0.)  (24, 0.)  (25, 0.)  (26, 0.)  (27, 0.)  (28, 0.)  (29, 0.) 
row 11: (0, 0.)  (1, 0.)  (2, 0.)  (3, 0.)  (4, 0.)  (5, 0.)  (6, 0.)  (7, 0.)  (8, 0.)  (9, 0.)  (10, 0.)  (11, 0.)  (12, 0.)  (13, 0.)  (14, 0.)  (15, 0.)  (16, 0.)  (17, 0.)  (18, 0.)  (19, 0.)  (20, 0.)  (21, 0.)  (22, 0.)  (23, 0.)  (24, 0.)  (25, 0.)  (26, 0.)  (27, 0.)  (28, 0.)  (29, 0.) 
row 12: (0, 0.)  (1, 0.)  (2, 0.)  (3, 0.)  (4, 0.)  (5, 0.)  (6, 0.)  (7, 0.)  (8, 0.)  (9, 0.)  (10, 0.)  (11, 0.)  (12, 0.)  (13, 0.)  (14, 0.)  (15, 0.)  (16, 0.)  (17, 0.)  (18, 0.)  (19, 0.)  (20, 0.)  (21, 0.)  (22, 0.)  (23, 0.)  (24, 0.)  (25, 0.)  (26, 0.)  (27, 0.)  (28, 0.)  (29, 0.) 
row 13: (0, 0.)  (1, 0.)  (2, 0.)  (3, 0.)  (4, 0.)  (5, 0.)  (6, 0.)  (7, 0.)  (8, 0.)  (9, 0.)  (10, 0.)  (11, 0.)  (12, 0.)  (13, 0.)  (14, 0.)  (15, 0.)  (16, 0.)  (17, 0.)  (18, 0.)  (19, 0.)  (20, 0.)  (21, 0.)  (22, 0.)  (23, 0.)  (24, 0.)  (25, 0.)  (26, 0.)  (27, 0.)  (28, 0.)  (29, 0.) 
row 14: (0, 0.)  (1, 0.)  (2, 0.)  (3, 0.)  (4, 0.)  (5, 0.)  (6, 0.)  (7, 0.)  (8, 0.)  (9, 0.)  (10, 0.)  (11, 0.)  (12, 0.)  (13, 0.)  (14, 0.)  (15, 0.)  (16, 0.)  (17, 0.)  (18, 0.)  (19, 0.)  (20, 0.)  (21, 0.)  (22, 0.)  (23, 0.)  (24, 0.)  (25, 0.)  (26, 0.)  (27, 0.)  (28, 0.)  (29, 0.) 
row 15: (0, 0.)  (1, 0.)  (2, 0.)  (3, 0.)  (4, 0.)  (5, 0.)  (6, 0.)  (7, 0.)  (8, 0.)  (9, 0.)  (10, 0.)  (11, 0.)  (12, 0.)  (13, 0.)  (14, 0.)  (15, 0.)  (16, 0.)  (17, 0.)  (18, 0.)  (19, 0.)  (20, 0.)  (21, 0.)  (22, 0.)  (23, 0.)  (24, 0.)  (25, 0.)  (26, 0.)  (27, 0.)  (28, 0.)  (29, 0.) 
row 16: (0, 0.)  (1, 0.)  (2, 0.)  (3, 0.)  (4, 0.)  (5, 0.)  (6, 0.)  (7, 0.)  (8, 0.)  (9, 0.)  (10, 0.)  (11, 0.)  (12, 0.)  (13, 0.)  (14, 0.)  (15, 0.)  (16, 0.)  (17, 0.)  (18, 0.)  (19, 0.)  (20, 0.)  (21, 0.)  (22, 0.)  (23, 0.)  (24, 0.)  (25, 0.)  (26, 0.)  (27, 0.)  (28, 0.)  (29, 0.) 
row 17: (0, 0.)  (1, 0.)  (2, 0.)  (3, 0.)  (4, 0.)  (5, 0.)  (6, 0.)  (7, 0.)  (8, 0.)  (9, 0.)  (10, 0.)  (11, 0.)  (12, 0.)  (13, 0.)  (14, 0.)  (15, 0.)  (16, 0.)  (17, 0.)  (18, 0.)  (19, 0.)  (20, 0.)  (21, 0.)  (22, 0.)  (23, 0.)  (24, 0.)  (25, 0.)  (26, 0.)  (27, 0.)  (28, 0.)  (29, 0.) 
row 18: (0, 0.)  (1, 0.)  (2, 0.)  (3, 0.)  (4, 0.)  (5, 0.)  (6, 0.)  (7, 0.)  (8, 0.)  (9, 0.)  (10, 0.)  (11, 0.)  (12, 0.)  (13, 0.)  (14, 0.)  (15, 0.)  (16, 0.)  (17, 0.)  (18, 0.)  (19, 0.)  (20, 0.)  (21, 0.)  (22, 0.)  (23, 0.)  (24, 0.)  (25, 0.)  (26, 0.)  (27, 0.)  (28, 0.)  (29, 0.) 
row 19: (0, 0.)  (1, 0.)  (2, 0.)  (3, 0.)  (4, 0.)  (5, 0.)  (6, 0.)  (7, 0.)  (8, 0.)  (9, 0.)  (10, 0.)  (11, 0.)  (12, 0.)  (13, 0.)  (14, 0.)  (15, 0.)  (16, 0.)  (17, 0.)  (18, 0.)  (19, 0.)  (20, 0.)  (21, 0.)  (22, 0.)  (23, 0.)  (24, 0.)  (25, 0.)  (26, 0.)  (27, 0.)  (28, 0.)  (29, 0.) 
row 20: (0, 0.)  (1, 0.)  (2, 0.)  (3, 0.)  (4, 0.)  (5, 0.)  (6, 0.)  (7, 0.)  (8, 0.)  (9, 0.)  (10, 0.)  (11, 0.)  (12, 0.)  (13, 0.)  (14, 0.)  (15, 0.)  (16, 0.)  (17, 0.)  (18, 0.)  (19, 0.)  (20, 0.)  (21, 0.)  (22, 0.)  (23, 0.)  (24, 0.)  (25, 0.)  (26, 0.)  (27, 0.)  (28, 0.)  (29, 0.) 
row 21: (0, 0.)  (1, 0.)  (2, 0.)  (3, 0.)  (4, 0.)  (5, 0.)  (6, 0.)  (7, 0.)  (8, 0.)  (9, 0.)  (10, 0.)  (11, 0.)  (12, 0.)  (13, 0.)  (14, 0.)  (15, 0.)  (16, 0.)  (17, 0.)  (18, 0.)  (19, 0.)  (20, 0.)  (21, 0.)  (22, 0.)  (23, 0.)  (24, 0.)  (25, 0.)  (26, 0.)  (27, 0.)  (28, 0.)  (29, 0.) 
row 22: (0, 0.)  (1, 0.)  (2, 0.)  (3, 0.)  (4, 0.)  (5, 0.)  (6, 0.)  (7, 0.)  (8, 0.)  (9, 0.)  (10, 0.)  (11, 0.)  (12, 0.)  (13, 0.)  (14, 0.)  (15, 0.)  (16, 0.)  (17, 0.)  (18, 0.)  (19, 0.)  (20, 0.)  (21, 0.)  (22, 0.)  (23, 0.)  (24, 0.)  (25, 0.)  (26, 0.)  (27, 0.)  (28, 0.)  (29, 0.) 
row 23: (0, 0.)  (1, 0.)  (2, 0.)  (3, 0.)  (4, 0.)  (5, 0.)  (6, 0.)  (7, 0.)  (8, 0.)  (9, 0.)  (10, 0.)  (11, 0.)  (12, 0.)  (13, 0.)  (14, 0.)  (15, 0.)  (16, 0.)  (17, 0.)  (18, 0.)  (19, 0.)  (20, 0.)  (21, 0.)  (22, 0.)  (23, 0.)  (24, 0.)  (25, 0.)  (26, 0.)  (27, 0.)  (28, 0.)  (29, 0.) 
row 24: (0, 0.)  (1, 0.)  (2, 0.)  (3, 0.)  (4, 0.)  (5, 0.)  (6, 0.)  (7, 0.)  (8, 0.)  (9, 0.)  (10, 0.)  (11, 0.)  (12, 0.)  (13, 0.)  (14, 0.)  (15, 0.)  (16, 0.)  (17, 0.)  (18, 0.)  (19, 0.)  (20, 0.)  (21, 0.)  (22, 0.)  (23, 0.)  (24, 0.)  (25, 0.)  (26, 0.)  (27, 0.)  (28, 0.)  (29, 0.) 
row 25: (0, 0.)  (1, 0.)  (2, 0.)  (3, 0.)  (4, 0.)  (5, 0.)  (6, 0.)  (7, 0.)  (8, 0.)  (9, 0.)  (10, 0.)  (11, 0.)  (12, 0.)  (13, 0.)  (14, 0.)  (15, 0.)  (16, 0.)  (17, 0.)  (18, 0.)  (19, 0.)  (20, 0.)  (21, 0.)  (22, 0.)  (23, 0.)  (24, 0.)  (25, 0.)  (26, 0.)  (27, 0.)  (28, 0.)  (29, 0.) 
row 26: (0, 0.)  (1, 0.)  (2, 0.)  (3, 0.)  (4, 0.)  (5, 0.)  (6, 0.)  (7, 0.)  (8, 0.)  (9, 0.)  (10, 0.)  (11, 0.)  (12, 0.)  (13, 0.)  (14, 0.)  (15, 0.)  (16, 0.)  (17, 0.)  (18, 0.)  (19, 0.)  (20, 0.)  (21, 0.)  (22, 0.)  (23, 0.)  (24, 0.)  (25, 0.)  (26, 0.)  (27, 0.)  (28, 0.)  (29, 0.) 
row 27: (0, 0.)  (1, 0.)  (2, 0.)  (3, 0.)  (4, 0.)  (5, 0.)  (6, 0.)  (7, 0.)  (8, 0.)  (9, 0.)  (10, 0.)  (11, 0.)  (12, 0.)  (13, 0.)  (14, 0.)  (15, 0.)  (16, 0.)  (17, 0.)  (18, 0.)  (19, 0.)  (20, 0.)  (21, 0.)  (22, 0.)  (23, 0.)  (24, 0.)  (25, 0.)  (26, 0.)  (27, 0.)  (28, 0.)  (29, 0.) 
row 28: (0, 0.)  (1, 0.)  (2, 0.)  (3, 0.)  (4, 0.)  (5, 0.)  (6, 0.)  (7, 0.)  (8, 0.)  (9, 0.)  (10, 0.)  (11, 0.)  (12, 0.)  (13, 0.)  (14, 0.)  (15, 0.)  (16, 0.)  (17, 0.)  (18, 0.)  (19, 0.)  (20, 0.)  (21, 0.)  (22, 0.)  (23, 0.)  (24, 0.)  (25, 0.)  (26, 0.)  (27, 0.)  (28, 0.)  (29, 0.) 
row 29: (0, 0.)  (1, 0.)  (2, 0.)  (3, 0.)  (4, 0.)  (5, 0.)  (6, 0.)  (7, 0.)  (8, 0.)  (9, 0.)  (10, 0.)  (11, 0.)  (12, 0.)  (13, 0.)  (14, 0.)  (15, 0.)  (16, 0.)  (17, 0.)  (18, 0.)  (19, 0.)  (20, 0.)  (21, 0.)  (22, 0.)  (23, 0.)  (24, 0.)  (25, 0.)  (26, 0.)  (27, 0.)  (28, 0.)  (29, 0.) 
row 30: (0, 0.)  (1, 0.)  (2, 0.)  (3, 0.)  (4, 0.)  (5, 0.)  (6, 0.)  (7, 0.)  (8, 0.)  (9, 0.)  (10, 0.)  (11, 0.)  (12, 0.)  (13, 0.)  (14, 0.)  (15, 0.)  (16, 0.)  (17, 0.)  (18, 0.)  (19, 0.)  (20, 0.)  (21, 0.)  (22, 0.)  (23, 0.)  (24, 0.)  (25, 0.)  (26, 0.)  (27, 0.)  (28, 0.)  (29, 0.) 
row 31: (0, 0.)  (1, 0.)  (2, 0.)  (3, 0.)  (4, 0.)  (5, 0.)  (6, 0.)  (7, 0.)  (8, 0.)  (9, 0.)  (10, 0.)  (11, 0.)  (12, 0.)  (13, 0.)  (14, 0.)  (15, 0.)  (16, 0.)  (17, 0.)  (18, 0.)  (19, 0.)  (20, 0.)  (21, 0.)  (22, 0.)  (23, 0.)  (24, 0.)  (25, 0.)  (26, 0.)  (27, 0.)  (28, 0.)  (29, 0.) 
row 32: (0, 0.)  (1, 0.)  (2, 0.)  (3, 0.)  (4, 0.)  (5, 0.)  (6, 0.)  (7, 0.)  (8, 0.)  (9, 0.)  (10, 0.)  (11, 0.)  (12, 0.)  (13, 0.)  (14, 0.)  (15, 0.)  (16, 0.)  (17, 0.)  (18, 0.)  (19, 0.)  (20, 0.)  (21, 0.)  (22, 0.)  (23, 0.)  (24, 0.)  (25, 0.)  (26, 0.)  (27, 0.)  (28, 0.)  (29, 0.) 
row 33: (0, 0.)  (1, 0.)  (2, 0.)  (3, 0.)  (4, 0.)  (5, 0.)  (6, 0.)  (7, 0.)  (8, 0.)  (9, 0.)  (10, 0.)  (11, 0.)  (12, 0.)  (13, 0.)  (14, 0.)  (15, 0.)  (16, 0.)  (17, 0.)  (18, 0.)  (19, 0.)  (20, 0.)  (21, 0.)  (22, 0.)  (23, 0.)  (24, 0.)  (25, 0.)  (26, 0.)  (27, 0.)  (28, 0.)  (29, 0.) 
row 34: (0, 0.)  (1, 0.)  (2, 0.)  (3, 0.)  (4, 0.)  (5, 0.)  (6, 0.)  (7, 0.)  (8, 0.)  (9, 0.)  (10, 0.)  (11, 0.)  (12, 0.)  (13, 0.)  (14, 0.)  (15, 0.)  (16, 0.)  (17, 0.)  (18, 0.)  (19, 0.)  (20, 0.)  (21, 0.)  (22, 0.)  (23, 0.)  (24, 0.)  (25, 0.)  (26, 0.)  (27, 0.)  (28, 0.)  (29, 0.) 
row 35: (0, 0.)  (1, 0.)  (2, 0.)  (3, 0.)  (4, 0.)  (5, 0.)  (6, 0.)  (7, 0.)  (8, 0.)  (9, 0.)  (10, 0.)  (11, 0.)  (12, 0.)  (13, 0.)  (14, 0.)  (15, 0.)  (16, 0.)  (17, 0.)  (18, 0.)  (19, 0.)  (20, 0.)  (21, 0.)  (22, 0.)  (23, 0.)  (24, 0.)  (25, 0.)  (26, 0.)  (27, 0.)  (28, 0.)  (29, 0.) 
row 36: (0, 0.)  (1, 0.)  (2, 0.)  (3, 0.)  (4, 0.)  (5, 0.)  (6, 0.)  (7, 0.)  (8, 0.)  (9, 0.)  (10, 0.)  (11, 0.)  (12, 0.)  (13, 0.)  (14, 0.)  (15, 0.)  (16, 0.)  (17, 0.)  (18, 0.)  (19, 0.)  (20, 0.)  (21, 0.)  (22, 0.)  (23, 0.)  (24, 0.)  (25, 0.)  (26, 0.)  (27, 0.)  (28, 0.)  (29, 0.) 
row 37: (0, 0.)  (1, 0.)  (2, 0.)  (3, 0.)  (4, 0.)  (5, 0.)  (6, 0.)  (7, 0.)  (8, 0.)  (9, 0.)  (10, 0.)  (11, 0.)  (12, 0.)  (13, 0.)  (14, 0.)  (15, 0.)  (16, 0.)  (17, 0.)  (18, 0.)  (19, 0.)  (20, 0.)  (21, 0.)  (22, 0.)  (23, 0.)  (24, 0.)  (25, 0.)  (26, 0.)  (27, 0.)  (28, 0.)  (29, 0.) 
row 38: (0, 0.)  (1, 0.)  (2, 0.)  (3, 0.)  (4, 0.)  (5, 0.)  (6, 0.)  (7, 0.)  (8, 0.)  (9, 0.)  (10, 0.)  (11, 0.)  (12, 0.)  (13, 0.)  (14, 0.)  (15, 0.)  (16, 0.)  (17, 0.)  (18, 0.)  (19, 0.)  (20, 0.)  (21, 0.)  (22, 0.)  (23, 0.)  (24, 0.)  (25, 0.)  (26, 0.)  (27, 0.)  (28, 0.)  (29, 0.) 
row 39: (0, 0.)  (1, 0.)  (2, 0.)  (3, 0.)  (4, 0.)  (5, 0.)  (6, 0.)  (7, 0.)  (8, 0.)  (9, 0.)  (10, 0.)  (11, 0.)  (12, 0.)  (13, 0.)  (14, 0.)  (15, 0.)  (16, 0.)  (17, 0.)  (18, 0.)  (19, 0.)  (20, 0.)  (21, 0.)  (22, 0.)  (23, 0.)  (24, 0.)  (25, 0.)  (26, 0.)  (27, 0.)  (28, 0.)  (29, 0.) 
row 40: (0, 0.)  (1, 0.)  (2, 0.)  (3, 0.)  (4, 0.)  (5, 0.)  (6, 0.)  (7, 0.)  (8, 0.)  (9, 0.)  (10, 0.)  (11, 0.)  (12, 0.)  (13, 0.)  (14, 0.)  (15, 0.)  (16, 0.)  (17, 0.)  (18, 0.)  (19, 0.)  (20, 0.)  (21, 0.)  (22, 0.)  (23, 0.)  (24, 0.)  (25, 0.)  (26, 0.)  (27, 0.)  (28, 0.)  (29, 0.) 
row 41: (0, 0.)  (1, 0.)  (2, 0.)  (3, 0.)  (4, 0.)  (5, 0.)  (6, 0.)  (7, 0.)  (8, 0.)  (9, 0.)  (10, 0.)  (11, 0.)  (12, 0.)  (13, 0.)  (14, 0.)  (15, 0.)  (16, 0.)  (17, 0.)  (18, 0.)  (19, 0.)  (20, 0.)  (21, 0.)  (22, 0.)  (23, 0.)  (24, 0.)  (25, 0.)  (26, 0.)  (27, 0.)  (28, 0.)  (29, 0.) 
row 42: (0, 0.)  (1, 0.)  (2, 0.)  (3, 0.)  (4, 0.)  (5, 0.)  (6, 0.)  (7, 0.)  (8, 0.)  (9, 0.)  (10, 0.)  (11, 0.)  (12, 0.)  (13, 0.)  (14, 0.)  (15, 0.)  (16, 0.)  (17, 0.)  (18, 0.)  (19, 0.)  (20, 0.)  (21, 0.)  (22, 0.)  (23, 0.)  (24, 0.)  (25, 0.)  (26, 0.)  (27, 0.)  (28, 0.)  (29, 0.) 
row 43: (0, 0.)  (1, 0.)  (2, 0.)  (3, 0.)  (4, 0.)  (5, 0.)  (6, 0.)  (7, 0.)  (8, 0.)  (9, 0.)  (10, 0.)  (11, 0.)  (12, 0.)  (13, 0.)  (14, 0.)  (15, 0.)  (16, 0.)  (17, 0.)  (18, 0.)  (19, 0.)  (20, 0.)  (21, 0.)  (22, 0.)  (23, 0.)  (24, 0.)  (25, 0.)  (26, 0.)  (27, 0.)  (28, 0.)  (29, 0.) 
row 44: (0, 0.)  (1, 0.)  (2, 0.)  (3, 0.)  (4, 0.)  (5, 0.)  (6, 0.)  (7, 0.)  (8, 0.)  (9, 0.)  (10, 0.)  (11, 0.)  (12, 0.)  (13, 0.)  (14, 0.)  (15, 0.)  (16, 0.)  (17, 0.)  (18, 0.)  (19, 0.)  (20, 0.)  (21, 0.)  (22, 0.)  (23, 0.)  (24, 0.)  (25, 0.)  (26, 0.)  (27, 0.)  (28, 0.)  (29, 0.) 
row 45: (0, 0.)  (1, 0.)  (2, 0.)  (3, 0.)  (4, 0.)  (5, 0.)  (6, 0.)  (7, 0.)  (8, 0.)  (9, 0.)  (10, 0.)  (11, 0.)  (12, 0.)  (13, 0.)  (14, 0.)  (15, 0.)  (16, 0.)  (17, 0.)  (18, 0.)  (19, 0.)  (20, 0.)  (21, 0.)  (22, 0.)  (23, 0.)  (24, 0.)  (25, 0.)  (26, 0.)  (27, 0.)  (28, 0.)  (29, 0.) 
row 46: (0, 0.)  (1, 0.)  (2, 0.)  (3, 0.)  (4, 0.)  (5, 0.)  (6, 0.)  (7, 0.)  (8, 0.)  (9, 0.)  (10, 0.)  (11, 0.)  (12, 0.)  (13, 0.)  (14, 0.)  (15, 0.)  (16, 0.)  (17, 0.)  (18, 0.)  (19, 0.)  (20, 0.)  (21, 0.)  (22, 0.)  (23, 0.)  (24, 0.)  (25, 0.)  (26, 0.)  (27, 0.)  (28, 0.)  (29, 0.) 
row 47: (0, 0.)  (1, 0.)  (2, 0.)  (3, 0.)  (4, 0.)  (5, 0.)  (6, 0.)  (7, 0.)  (8, 0.)  (9, 0.)  (10, 0.)  (11, 0.)  (12, 0.)  (13, 0.)  (14, 0.)  (15, 0.)  (16, 0.)  (17, 0.)  (18, 0.)  (19, 0.)  (20, 0.)  (21, 0.)  (22, 0.)  (23, 0.)  (24, 0.)  (25, 0.)  (26, 0.)  (27, 0.)  (28, 0.)  (29, 0.) 
row 48: (0, 0.)  (1, 0.)  (2, 0.)  (3, 0.)  (4, 0.)  (5, 0.)  (6, 0.)  (7, 0.)  (8, 0.)  (9, 0.)  (10, 0.)  (11, 0.)  (12, 0.)  (13, 0.)  (14, 0.)  (15, 0.)  (16, 0.)  (17, 0.)  (18, 0.)  (19, 0.)  (20, 0.)  (21, 0.)  (22, 0.)  (23, 0.)  (24, 0.)  (25, 0.)  (26, 0.)  (27, 0.)  (28, 0.)  (29, 0.) 
row 49: (0, 0.)  (1, 0.)  (2, 0.)  (3, 0.)  (4, 0.)  (5, 0.)  (6, 0.)  (7, 0.)  (8, 0.)  (9, 0.)  (10, 0.)  (11, 0.)  (12, 0.)  (13, 0.)  (14, 0.)  (15, 0.)  (16, 0.)  (17, 0.)  (18, 0.)  (19, 0.)  (20, 0.)  (21, 0.)  (22, 0.)  (23, 0.)  (24, 0.)  (25, 0.)  (26, 0.)  (27, 0.)  (28, 0.)  (29, 0.) 
row 50: (0, 0.)  (1, 0.)  (2, 0.)  (3, 0.)  (4, 0.)  (5, 0.)  (6, 0.)  (7, 0.)  (8, 0.)  (9, 0.)  (10, 0.)  (11, 0.)  (12, 0.)  (13, 0.)  (14, 0.)  (15, 0.)  (16, 0.)  (17, 0.)  (18, 0.)  (19, 0.)  (20, 0.)  (21, 0.)  (22, 0.)  (23, 0.)  (24, 0.)  (25, 0.)  (26, 0.)  (27, 0.)  (28, 0.)  (29, 0.) 
row 51: (0, 0.)  (1, 0.)  (2, 0.)  (3, 0.)  (4, 0.)  (5, 0.)  (6, 0.)  (7, 0.)  (8, 0.)  (9, 0.)  (10, 0.)  (11, 0.)  (12, 0.)  (13, 0.)  (14, 0.)  (15, 0.)  (16, 0.)  (17, 0.)  (18, 0.)  (19, 0.)  (20, 0.)  (21, 0.)  (22, 0.)  (23, 0.)  (24, 0.)  (25, 0.)  (26, 0.)  (27, 0.)  (28, 0.)  (29, 0.) 
row 52: (0, 0.)  (1, 0.)  (2, 0.)  (3, 0.)  (4, 0.)  (5, 0.)  (6, 0.)  (7, 0.)  (8, 0.)  (9, 0.)  (10, 0.)  (11, 0.)  (12, 0.)  (13, 0.)  (14, 0.)  (15, 0.)  (16, 0.)  (17, 0.)  (18, 0.)  (19, 0.)  (20, 0.)  (21, 0.)  (22, 0.)  (23, 0.)  (24, 0.)  (25, 0.)  (26, 0.)  (27, 0.)  (28, 0.)  (29, 0.) 
row 53: (0, 0.)  (1, 0.)  (2, 0.)  (3, 0.)  (4, 0.)  (5, 0.)  (6, 0.)  (7, 0.)  (8, 0.)  (9, 0.)  (10, 0.)  (11, 0.)  (12, 0.)  (13, 0.)  (14, 0.)  (15, 0.)  (16, 0.)  (17, 0.)  (18, 0.)  (19, 0.)  (20, 0.)  (21, 0.)  (22, 0.)  (23, 0.)  (24, 0.)  (25, 0.)  (26, 0.)  (27, 0.)  (28, 0.)  (29, 0.) 
row 54: (0, 0.)  (1, 0.)  (2, 0.)  (3, 0.)  (4, 0.)  (5, 0.)  (6, 0.)  (7, 0.)  (8, 0.)  (9, 0.)  (10, 0.)  (11, 0.)  (12, 0.)  (13, 0.)  (14, 0.)  (15, 0.)  (16, 0.)  (17, 0.)  (18, 0.)  (19, 0.)  (20, 0.)  (21, 0.)  (22, 0.)  (23, 0.)  (24, 0.)  (25, 0.)  (26, 0.)  (27, 0.)  (28, 0.)  (29, 0.) 
row 55: (0, 0.)  (1, 0.)  (2, 0.)  (3, 0.)  (4, 0.)  (5, 0.)  (6, 0.)  (7, 0.)  (8, 0.)  (9, 0.)  (10, 0.)  (11, 0.)  (12, 0.)  (13, 0.)  (14, 0.)  (15, 0.)  (16, 0.)  (17, 0.)  (18, 0.)  (19, 0.)  (20, 0.)  (21, 0.)  (22, 0.)  (23, 0.)  (24, 0.)  (25, 0.)  (26, 0.)  (27, 0.)  (28, 0.)  (29, 0.) 
row 56: (0, 0.)  (1, 0.)  (2, 0.)  (3, 0.)  (4, 0.)  (5, 0.)  (6, 0.)  (7, 0.)  (8, 0.)  (9, 0.)  (10, 0.)  (11, 0.)  (12, 0.)  (13, 0.)  (14, 0.)  (15, 0.)  (16, 0.)  (17, 0.)  (18, 0.)  (19, 0.)  (20, 0.)  (21, 0.)  (22, 0.)  (23, 0.)  (24, 0.)  (25, 0.)  (26, 0.)  (27, 0.)  (28, 0.)  (29, 0.) 
row 57: (0, 0.)  (1, 0.)  (2, 0.)  (3, 0.)  (4, 0.)  (5, 0.)  (6, 0.)  (7, 0.)  (8, 0.)  (9, 0.)  (10, 0.)  (11, 0.)  (12, 0.)  (13, 0.)  (14, 0.)  (15, 0.)  (16, 0.)  (17, 0.)  (18, 0.)  (19, 0.)  (20, 0.)  (21, 0.)  (22, 0.)  (23, 0.)  (24, 0.)  (25, 0.)  (26, 0.)  (27, 0.)  (28, 0.)  (29, 0.) 
row 58: (0, 0.)  (1, 0.)  (2, 0.)  (3, 0.)  (4, 0.)  (5, 0.)  (6, 0.)  (7, 0.)  (8, 0.)  (9, 0.)  (10, 0.)  (11, 0.)  (12, 0.)  (13, 0.)  (14, 0.)  (15, 0.)  (16, 0.)  (17, 0.)  (18, 0.)  (19, 0.)  (20, 0.)  (21, 0.)  (22, 0.)  (23, 0.)  (24, 0.)  (25, 0.)  (26, 0.)  (27, 0.)  (28, 0.)  (29, 0.) 
row 59: (0, 0.)  (1, 0.)  (2, 0.)  (3, 0.)  (4, 0.)  (5, 0.)  (6, 0.)  (7, 0.)  (8, 0.)  (9, 0.)  (10, 0.)  (11, 0.)  (12, 0.)  (13, 0.)  (14, 0.)  (15, 0.)  (16, 0.)  (17, 0.)  (18, 0.)  (19, 0.)  (20, 0.)  (21, 0.)  (22, 0.)  (23, 0.)  (24, 0.)  (25, 0.)  (26, 0.)  (27, 0.)  (28, 0.)  (29, 0.) 
row 60: (0, 0.)  (1, 0.)  (2, 0.)  (3, 0.)  (4, 0.)  (5, 0.)  (6, 0.)  (7, 0.)  (8, 0.)  (9, 0.)  (10, 0.)  (11, 0.)  (12, 0.)  (13, 0.)  (14, 0.)  (15, 0.)  (16, 0.)  (17, 0.)  (18, 0.)  (19, 0.)  (20, 0.)  (21, 0.)  (22, 0.)  (23, 0.)  (24, 0.)  (25, 0.)  (26, 0.)  (27, 0.)  (28, 0.)  (29, 0.) 
row 61: (0, 0.)  (1, 0.)  (2, 0.)  (3, 0.)  (4, 0.)  (5, 0.)  (6, 0.)  (7, 0.)  (8, 0.)  (9, 0.)  (10, 0.)  (11, 0.)  (12, 0.)  (13, 0.)  (14, 0.)  (15, 0.)  (16, 0.)  (17, 0.)  (18, 0.)  (19, 0.)  (20, 0.)  (21, 0.)  (22, 0.)  (23, 0.)  (24, 0.)  (25, 0.)  (26, 0.)  (27, 0.)  (28, 0.)  (29, 0.) 
row 62: (0, 0.)  (1, 0.)  (2, 0.)  (3, 0.)  (4, 0.)  (5, 0.)  (6, 0.)  (7, 0.)  (8, 0.)  (9, 0.)  (10, 0.)  (11, 0.)  (12, 0.)  (13, 0.)  (14, 0.)  (15, 0.)  (16, 0.)  (17, 0.)  (18, 0.)  (19, 0.)  (20, 0.)  (21, 0.)  (22, 0.)  (23, 0.)  (24, 0.)  (25, 0.)  (26, 0.)  (27, 0.)  (28, 0.)  (29, 0.) 
row 63: (0, 0.)  (1, 0.)  (2, 0.)  (3, 0.)  (4, 0.)  (5, 0.)  (6, 0.)  (7, 0.)  (8, 0.)  (9, 0.)  (10, 0.)  (11, 0.)  (12, 0.)  (13, 0.)  (14, 0.)  (15, 0.)  (16, 0.)  (17, 0.)  (18, 0.)  (19, 0.)  (20, 0.)  (21, 0.)  (22, 0.)  (23, 0.)  (24, 0.)  (25, 0.)  (26, 0.)  (27, 0.)  (28, 0.)  (29, 0.) 
row 64: (0, 0.)  (1, 0.)  (2, 0.)  (3, 0.)  (4, 0.)  (5, 0.)  (6, 0.)  (7, 0.)  (8, 0.)  (9, 0.)  (10, 0.)  (11, 0.)  (12, 0.)  (13, 0.)  (14, 0.)  (15, 0.)  (16, 0.)  (17, 0.)  (18, 0.)  (19, 0.)  (20, 0.)  (21, 0.)  (22, 0.)  (23, 0.)  (24, 0.)  (25, 0.)  (26, 0.)  (27, 0.)  (28, 0.)  (29, 0.) 
row 65: (0, 0.)  (1, 0.)  (2, 0.)  (3, 0.)  (4, 0.)  (5, 0.)  (6, 0.)  (7, 0.)  (8, 0.)  (9, 0.)  (10, 0.)  (11, 0.)  (12, 0.)  (13, 0.)  (14, 0.)  (15, 0.)  (16, 0.)  (17, 0.)  (18, 0.)  (19, 0.)  (20, 0.)  (21, 0.)  (22, 0.)  (23, 0.)  (24, 0.)  (25, 0.)  (26, 0.)  (27, 0.)  (28, 0.)  (29, 0.) 
row 66: (0, 0.)  (1, 0.)  (2, 0.)  (3, 0.)  (4, 0.)  (5, 0.)  (6, 0.)  (7, 0.)  (8, 0.)  (9, 0.)  (10, 0.)  (11, 0.)  (12, 0.)  (13, 0.)  (14, 0.)  (15, 0.)  (16, 0.)  (17, 0.)  (18, 0.)  (19, 0.)  (20, 0.)  (21, 0.)  (22, 0.)  (23, 0.)  (24, 0.)  (25, 0.)  (26, 0.)  (27, 0.)  (28, 0.)  (29, 0.) 
row 67: (0, 0.)  (1, 0.)  (2, 0.)  (3, 0.)  (4, 0.)  (5, 0.)  (6, 0.)  (7, 0.)  (8, 0.)  (9, 0.)  (10, 0.)  (11, 0.)  (12, 0.)  (13, 0.)  (14, 0.)  (15, 0.)  (16, 0.)  (17, 0.)  (18, 0.)  (19, 0.)  (20, 0.)  (21, 0.)  (22, 0.)  (23, 0.)  (24, 0.)  (25, 0.)  (26, 0.)  (27, 0.)  (28, 0.)  (29, 0.) 
row 68: (0, 0.)  (1, 0.)  (2, 0.)  (3, 0.)  (4, 0.)  (5, 0.)  (6, 0.)  (7, 0.)  (8, 0.)  (9, 0.)  (10, 0.)  (11, 0.)  (12, 0.)  (13, 0.)  (14, 0.)  (15, 0.)  (16, 0.)  (17, 0.)  (18, 0.)  (19, 0.)  (20, 0.)  (21, 0.)  (22, 0.)  (23, 0.)  (24, 0.)  (25, 0.)  (26, 0.)  (27, 0.)  (28, 0.)  (29, 0.) 
row 69: (0, 0.)  (1, 0.)  (2, 0.)  (3, 0.)  (4, 0.)  (5, 0.)  (6, 0.)  (7, 0.)  (8, 0.)  (9, 0.)  (10, 0.)  (11, 0.)  (12, 0.)  (13, 0.)  (14, 0.)  (15, 0.)  (16, 0.)  (17, 0.)  (18, 0.)  (19, 0.)  (20, 0.)  (21, 0.)  (22, 0.)  (23, 0.)  (24, 0.)  (25, 0.)  (26, 0.)  (27, 0.)  (28, 0.)  (29, 0.) 
row 70: (0, 0.)  (1, 0.)  (2, 0.)  (3, 0.)  (4, 0.)  (5, 0.)  (6, 0.)  (7, 0.)  (8, 0.)  (9, 0.)  (10, 0.)  (11, 0.)  (12, 0.)  (13, 0.)  (14, 0.)  (15, 0.)  (16, 0.)  (17, 0.)  (18, 0.)  (19, 0.)  (20, 0.)  (21, 0.)  (22, 0.)  (23, 0.)  (24, 0.)  (25, 0.)  (26, 0.)  (27, 0.)  (28, 0.)  (29, 0.) 
row 71: (0, 0.)  (1, 0.)  (2, 0.)  (3, 0.)  (4, 0.)  (5, 0.)  (6, 0.)  (7, 0.)  (8, 0.)  (9, 0.)  (10, 0.)  (11, 0.)  (12, 0.)  (13, 0.)  (14, 0.)  (15, 0.)  (16, 0.)  (17, 0.)  (18, 0.)  (19, 0.)  (20, 0.)  (21, 0.)  (22, 0.)  (23, 0.)  (24, 0.)  (25, 0.)  (26, 0.)  (27, 0.)  (28, 0.)  (29, 0.) 
row 72: (0, 0.)  (1, 0.)  (2, 0.)  (3, 0.)  (4, 0.)  (5, 0.)  (6, 0.)  (7, 0.)  (8, 0.)  (9, 0.)  (10, 0.)  (11, 0.)  (12, 0.)  (13, 0.)  (14, 0.)  (15, 0.)  (16, 0.)  (17, 0.)  (18, 0.)  (19, 0.)  (20, 0.)  (21, 0.)  (22, 0.)  (23, 0.)  (24, 0.)  (25, 0.)  (26, 0.)  (27, 0.)  (28, 0.)  (29, 0.) 
row 73: (0, 0.)  (1, 0.)  (2, 0.)  (3, 0.)  (4, 0.)  (5, 0.)  (6, 0.)  (7, 0.)  (8, 0.)  (9, 0.)  (10, 0.)  (11, 0.)  (12, 0.)  (13, 0.)  (14, 0.)  (15, 0.)  (16, 0.)  (17, 0.)  (18, 0.)  (19, 0.)  (20, 0.)  (21, 0.)  (22, 0.)  (23, 0.)  (24, 0.)  (25, 0.)  (26, 0.)  (27, 0.)  (28, 0.)  (29, 0.) 
row 74: (0, 0.)  (1, 0.)  (2, 0.)  (3, 0.)  (4, 0.)  (5, 0.)  (6, 0.)  (7, 0.)  (8, 0.)  (9, 0.)  (10, 0.)  (11, 0.)  (12, 0.)  (13, 0.)  (14, 0.)  (15, 0.)  (16, 0.)  (17, 0.)  (18, 0.)  (19, 0.)  (20, 0.)  (21, 0.)  (22, 0.)  (23, 0.)  (24, 0.)  (25, 0.)  (26, 0.)  (27, 0.)  (28, 0.)  (29, 0.) 
row 75: (0, 0.)  (1, 0.)  (2, 0.)  (3, 0.)  (4, 0.)  (5, 0.)  (6, 0.)  (7, 0.)  (8, 0.)  (9, 0.)  (10, 0.)  (11, 0.)  (12, 0.)  (13, 0.)  (14, 0.)  (15, 0.)  (16, 0.)  (17, 0.)  (18, 0.)  (19, 0.)  (20, 0.)  (21, 0.)  (22, 0.)  (23, 0.)  (24, 0.)  (25, 0.)  (26, 0.)  (27, 0.)  (28, 0.)  (29, 0.) 
row 76: (0, 0.)  (1, 0.)  (2, 0.)  (3, 0.)  (4, 0.)  (5, 0.)  (6, 0.)  (7, 0.)  (8, 0.)  (9, 0.)  (10, 0.)  (11, 0.)  (12, 0.)  (13, 0.)  (14, 0.)  (15, 0.)  (16, 0.)  (17, 0.)  (18, 0.)  (19, 0.)  (20, 0.)  (21, 0.)  (22, 0.)  (23, 0.)  (24, 0.)  (25, 0.)  (26, 0.)  (27, 0.)  (28, 0.)  (29, 0.) 
row 77: (0, 0.)  (1, 0.)  (2, 0.)  (3, 0.)  (4, 0.)  (5, 0.)  (6, 0.)  (7, 0.)  (8, 0.)  (9, 0.)  (10, 0.)  (11, 0.)  (12, 0.)  (13, 0.)  (14, 0.)  (15, 0.)  (16, 0.)  (17, 0.)  (18, 0.)  (19, 0.)  (20, 0.)  (21, 0.)  (22, 0.)  (23, 0.)  (24, 0.)  (25, 0.)  (26, 0.)  (27, 0.)  (28, 0.)  (29, 0.) 
row 78: (0, 0.)  (1, 0.)  (2, 0.)  (3, 0.)  (4, 0.)  (5, 0.)  (6, 0.)  (7, 0.)  (8, 0.)  (9, 0.)  (10, 0.)  (11, 0.)  (12, 0.)  (13, 0.)  (14, 0.)  (15, 0.)  (16, 0.)  (17, 0.)  (18, 0.)  (19, 0.)  (20, 0.)  (21, 0.)  (22, 0.)  (23, 0.)  (24, 0.)  (25, 0.)  (26, 0.)  (27, 0.)  (28, 0.)  (29, 0.) 
row 79: (0, 0.)  (1, 0.)  (2, 0.)  (3, 0.)  (4, 0.)  (5, 0.)  (6, 0.)  (7, 0.)  (8, 0.)  (9, 0.)  (10, 0.)  (11, 0.)  (12, 0.)  (13, 0.)  (14, 0.)  (15, 0.)  (16, 0.)  (17, 0.)  (18, 0.)  (19, 0.)  (20, 0.)  (21, 0.)  (22, 0.)  (23, 0.)  (24, 0.)  (25, 0.)  (26, 0.)  (27, 0.)  (28, 0.)  (29, 0.) 
row 80: (0, 0.)  (1, 0.)  (2, 0.)  (3, 0.)  (4, 0.)  (5, 0.)  (6, 0.)  (7, 0.)  (8, 0.)  (9, 0.)  (10, 0.)  (11, 0.)  (12, 0.)  (13, 0.)  (14, 0.)  (15, 0.)  (16, 0.)  (17, 0.)  (18, 0.)  (19, 0.)  (20, 0.)  (21, 0.)  (22, 0.)  (23, 0.)  (24, 0.)  (25, 0.)  (26, 0.)  (27, 0.)  (28, 0.)  (29, 0.) 
row 81: (0, 0.)  (1, 0.)  (2, 0.)  (3, 0.)  (4, 0.)  (5, 0.)  (6, 0.)  (7, 0.)  (8, 0.)  (9, 0.)  (10, 0.)  (11, 0.)  (12, 0.)  (13, 0.)  (14, 0.)  (15, 0.)  (16, 0.)  (17, 0.)  (18, 0.)  (19, 0.)  (20, 0.)  (21, 0.)  (22, 0.)  (23, 0.)  (24, 0.)  (25, 0.)  (26, 0.)  (27, 0.)  (28, 0.)  (29, 0.) 
row 82: (0, 0.)  (1, 0.)  (2, 0.)  (3, 0.)  (4, 0.)  (5, 0.)  (6, 0.)  (7, 0.)  (8, 0.)  (9, 0.)  (10, 0.)  (11, 0.)  (12, 0.)  (13, 0.)  (14, 0.)  (15, 0.)  (16, 0.)  (17, 0.)  (18, 0.)  (19, 0.)  (20, 0.)  (21, 0.)  (22, 0.)  (23, 0.)  (24, 0.)  (25, 0.)  (26, 0.)  (27, 0.)  (28, 0.)  (29, 0.) 
row 83: (0, 0.)  (1, 0.)  (2, 0.)  (3, 0.)  (4, 0.)  (5, 0.)  (6, 0.)  (7, 0.)  (8, 0.)  (9, 0.)  (10, 0.)  (11, 0.)  (12, 0.)  (13, 0.)  (14, 0.)  (15, 0.)  (16, 0.)  (17, 0.)  (18, 0.)  (19, 0.)  (20, 0.)  (21, 0.)  (22, 0.)  (23, 0.)  (24, 0.)  (25, 0.)  (26, 0.)  (27, 0.)  (28, 0.)  (29, 0.) 
row 84: (0, 0.)  (1, 0.)  (2, 0.)  (3, 0.)  (4, 0.)  (5, 0.)  (6, 0.)  (7, 0.)  (8, 0.)  (9, 0.)  (10, 0.)  (11, 0.)  (12, 0.)  (13, 0.)  (14, 0.)  (15, 0.)  (16, 0.)  (17, 0.)  (18, 0.)  (19, 0.)  (20, 0.)  (21, 0.)  (22, 0.)  (23, 0.)  (24, 0.)  (25, 0.)  (26, 0.)  (27, 0.)  (28, 0.)  (29, 0.) 
row 85: (0, 0.)  (1, 0.)  (2, 0.)  (3, 0.)  (4, 0.)  (5, 0.)  (6, 0.)  (7, 0.)  (8, 0.)  (9, 0.)  (10, 0.)  (11, 0.)  (12, 0.)  (13, 0.)  (14, 0.)  (15, 0.)  (16, 0.)  (17, 0.)  (18, 0.)  (19, 0.)  (20, 0.)  (21, 0.)  (22, 0.)  (23, 0.)  (24, 0.)  (25, 0.)  (26, 0.)  (27, 0.)  (28, 0.)  (29, 0.) 
row 86: (0, 0.)  (1, 0.)  (2, 0.)  (3, 0.)  (4, 0.)  (5, 0.)  (6, 0.)  (7, 0.)  (8, 0.)  (9, 0.)  (10, 0.)  (11, 0.)  (12, 0.)  (13, 0.)  (14, 0.)  (15, 0.)  (16, 0.)  (17, 0.)  (18, 0.)  (19, 0.)  (20, 0.)  (21, 0.)  (22, 0.)  (23, 0.)  (24, 0.)  (25, 0.)  (26, 0.)  (27, 0.)  (28, 0.)  (29, 0.) 
row 87: (0, 0.)  (1, 0.)  (2, 0.)  (3, 0.)  (4, 0.)  (5, 0.)  (6, 0.)  (7, 0.)  (8, 0.)  (9, 0.)  (10, 0.)  (11, 0.)  (12, 0.)  (13, 0.)  (14, 0.)  (15, 0.)  (16, 0.)  (17, 0.)  (18, 0.)  (19, 0.)  (20, 0.)  (21, 0.)  (22, 0.)  (23, 0.)  (24, 0.)  (25, 0.)  (26, 0.)  (27, 0.)  (28, 0.)  (29, 0.) 
row 88: (0, 0.)  (1, 0.)  (2, 0.)  (3, 0.)  (4, 0.)  (5, 0.)  (6, 0.)  (7, 0.)  (8, 0.)  (9, 0.)  (10, 0.)  (11, 0.)  (12, 0.)  (13, 0.)  (14, 0.)  (15, 0.)  (16, 0.)  (17, 0.)  (18, 0.)  (19, 0.)  (20, 0.)  (21, 0.)  (22, 0.)  (23, 0.)  (24, 0.)  (25, 0.)  (26, 0.)  (27, 0.)  (28, 0.)  (29, 0.) 
row 89: (0, 0.)  (1, 0.)  (2, 0.)  (3, 0.)  (4, 0.)  (5, 0.)  (6, 0.)  (7, 0.)  (8, 0.)  (9, 0.)  (10, 0.)  (11, 0.)  (12, 0.)  (13, 0.)  (14, 0.)  (15, 0.)  (16, 0.)  (17, 0.)  (18, 0.)  (19, 0.)  (20, 0.)  (21, 0.)  (22, 0.)  (23, 0.)  (24, 0.)  (25, 0.)  (26, 0.)  (27, 0.)  (28, 0.)  (29, 0.) 
row 90: (0, 0.)  (1, 0.)  (2, 0.)  (3, 0.)  (4, 0.)  (5, 0.)  (6, 0.)  (7, 0.)  (8, 0.)  (9, 0.)  (10, 0.)  (11, 0.)  (12, 0.)  (13, 0.)  (14, 0.)  (15, 0.)  (16, 0.)  (17, 0.)  (18, 0.)  (19, 0.)  (20, 0.)  (21, 0.)  (22, 0.)  (23, 0.)  (24, 0.)  (25, 0.)  (26, 0.)  (27, 0.)  (28, 0.)  (29, 0.) 
row 91: (0, 0.)  (1, 0.)  (2, 0.)  (3, 0.)  (4, 0.)  (5, 0.)  (6, 0.)  (7, 0.)  (8, 0.)  (9, 0.)  (10, 0.)  (11, 0.)  (12, 0.)  (13, 0.)  (14, 0.)  (15, 0.)  (16, 0.)  (17, 0.)  (18, 0.)  (19, 0.)  (20, 0.)  (21, 0.)  (22, 0.)  (23, 0.)  (24, 0.)  (25, 0.)  (26, 0.)  (27, 0.)  (28, 0.)  (29, 0.) 
row 92: (0, 0.)  (1, 0.)  (2, 0.)  (3, 0.)  (4, 0.)  (5, 0.)  (6, 0.)  (7, 0.)  (8, 0.)  (9, 0.)  (10, 0.)  (11, 0.)  (12, 0.)  (13, 0.)  (14, 0.)  (15, 0.)  (16, 0.)  (17, 0.)  (18, 0.)  (19, 0.)  (20, 0.)  (21, 0.)  (22, 0.)  (23, 0.)  (24, 0.)  (25, 0.)  (26, 0.)  (27, 0.)  (28, 0.)  (29, 0.) 
row 93: (0, 0.)  (1, 0.)  (2, 0.)  (3, 0.)  (4, 0.)  (5, 0.)  (6, 0.)  (7, 0.)  (8, 0.)  (9, 0.)  (10, 0.)  (11, 0.)  (12, 0.)  (13, 0.)  (14, 0.)  (15, 0.)  (16, 0.)  (17, 0.)  (18, 0.)  (19, 0.)  (20, 0.)  (21, 0.)  (22, 0.)  (23, 0.)  (24, 0.)  (25, 0.)  (26, 0.)  (27, 0.)  (28, 0.)  (29, 0.) 
row 94: (0, 0.)  (1, 0.)  (2, 0.)  (3, 0.)  (4, 0.)  (5, 0.)  (6, 0.)  (7, 0.)  (8, 0.)  (9, 0.)  (10, 0.)  (11, 0.)  (12, 0.)  (13, 0.)  (14, 0.)  (15, 0.)  (16, 0.)  (17, 0.)  (18, 0.)  (19, 0.)  (20, 0.)  (21, 0.)  (22, 0.)  (23, 0.)  (24, 0.)  (25, 0.)  (26, 0.)  (27, 0.)  (28, 0.)  (29, 0.) 
row 95: (0, 0.)  (1, 0.)  (2, 0.)  (3, 0.)  (4, 0.)  (5, 0.)  (6, 0.)  (7, 0.)  (8, 0.)  (9, 0.)  (10, 0.)  (11, 0.)  (12, 0.)  (13, 0.)  (14, 0.)  (15, 0.)  (16, 0.)  (17, 0.)  (18, 0.)  (19, 0.)  (20, 0.)  (21, 0.)  (22, 0.)  (23, 0.)  (24, 0.)  (25, 0.)  (26, 0.)  (27, 0.)  (28, 0.)  (29, 0.) 
row 96: (0, 0.)  (1, 0.)  (2, 0.)  (3, 0.)  (4, 0.)  (5, 0.)  (6, 0.)  (7, 0.)  (8, 0.)  (9, 0.)  (10, 0.)  (11, 0.)  (12, 0.)  (13, 0.)  (14, 0.)  (15, 0.)  (16, 0.)  (17, 0.)  (18, 0.)  (19, 0.)  (20, 0.)  (21, 0.)  (22, 0.)  (23, 0.)  (24, 0.)  (25, 0.)  (26, 0.)  (27, 0.)  (28, 0.)  (29, 0.) 
row 97: (0, 0.)  (1, 0.)  (2, 0.)  (3, 0.)  (4, 0.)  (5, 0.)  (6, 0.)  (7, 0.)  (8, 0.)  (9, 0.)  (10, 0.)  (11, 0.)  (12, 0.)  (13, 0.)  (14, 0.)  (15, 0.)  (16, 0.)  (17, 0.)  (18, 0.)  (19, 0.)  (20, 0.)  (21, 0.)  (22, 0.)  (23, 0.)  (24, 0.)  (25, 0.)  (26, 0.)  (27, 0.)  (28, 0.)  (29, 0.) 
row 98: (0, 0.)  (1, 0.)  (2, 0.)  (3, 0.)  (4, 0.)  (5, 0.)  (6, 0.)  (7, 0.)  (8, 0.)  (9, 0.)  (10, 0.)  (11, 0.)  (12, 0.)  (13, 0.)  (14, 0.)  (15, 0.)  (16, 0.)  (17, 0.)  (18, 0.)  (19, 0.)  (20, 0.)  (21, 0.)  (22, 0.)  (23, 0.)  (24, 0.)  (25, 0.)  (26, 0.)  (27, 0.)  (28, 0.)  (29, 0.) 
row 99: (0, 0.)  (1, 0.)  (2, 0.)  (3, 0.)  (4, 0.)  (5, 0.)  (6, 0.)  (7, 0.)  (8, 0.)  (9, 0.)  (10, 0.)  (11, 0.)  (12, 0.)  (13, 0.)  (14, 0.)  (15, 0.)  (16, 0.)  (17, 0.)  (18, 0.)  (19, 0.)  (20, 0.)  (21, 0.)  (22, 0.)  (23, 0.)  (24, 0.)  (25, 0.)  (26, 0.)  (27, 0.)  (28, 0.)  (29, 0.) 
row 100: (0, 0.)  (1, 0.)  (2, 0.)  (3, 0.)  (4, 0.)  (5, 0.)  (6, 0.)  (7, 0.)  (8, 0.)  (9, 0.)  (10, 0.)  (11, 0.)  (12, 0.)  (13, 0.)  (14, 0.)  (15, 0.)  (16, 0.)  (17, 0.)  (18, 0.)  (19, 0.)  (20, 0.)  (21, 0.)  (22, 0.)  (23, 0.)  (24, 0.)  (25, 0.)  (26, 0.)  (27, 0.)  (28, 0.)  (29, 0.) 
row 101: (0, 0.)  (1, 0.)  (2, 0.)  (3, 0.)  (4, 0.)  (5, 0.)  (6, 0.)  (7, 0.)  (8, 0.)  (9, 0.)  (10, 0.)  (11, 0.)  (12, 0.)  (13, 0.)  (14, 0.)  (15, 0.)  (16, 0.)  (17, 0.)  (18, 0.)  (19, 0.)  (20, 0.)  (21, 0.)  (22, 0.)  (23, 0.)  (24, 0.)  (25, 0.)  (26, 0.)  (27, 0.)  (28, 0.)  (29, 0.) 
row 102: (0, 0.)  (1, 0.)  (2, 0.)  (3, 0.)  (4, 0.)  (5, 0.)  (6, 0.)  (7, 0.)  (8, 0.)  (9, 0.)  (10, 0.)  (11, 0.)  (12, 0.)  (13, 0.)  (14, 0.)  (15, 0.)  (16, 0.)  (17, 0.)  (18, 0.)  (19, 0.)  (20, 0.)  (21, 0.)  (22, 0.)  (23, 0.)  (24, 0.)  (25, 0.)  (26, 0.)  (27, 0.)  (28, 0.)  (29, 0.) 
row 103: (0, 0.)  (1, 0.)  (2, 0.)  (3, 0.)  (4, 0.)  (5, 0.)  (6, 0.)  (7, 0.)  (8, 0.)  (9, 0.)  (10, 0.)  (11, 0.)  (12, 0.)  (13, 0.)  (14, 0.)  (15, 0.)  (16, 0.)  (17, 0.)  (18, 0.)  (19, 0.)  (20, 0.)  (21, 0.)  (22, 0.)  (23, 0.)  (24, 0.)  (25, 0.)  (26, 0.)  (27, 0.)  (28, 0.)  (29, 0.) 
row 104: (0, 0.)  (1, 0.)  (2, 0.)  (3, 0.)  (4, 0.)  (5, 0.)  (6, 0.)  (7, 0.)  (8, 0.)  (9, 0.)  (10, 0.)  (11, 0.)  (12, 0.)  (13, 0.)  (14, 0.)  (15, 0.)  (16, 0.)  (17, 0.)  (18, 0.)  (19, 0.)  (20, 0.)  (21, 0.)  (22, 0.)  (23, 0.)  (24, 0.)  (25, 0.)  (26, 0.)  (27, 0.)  (28, 0.)  (29, 0.) 
row 105: (0, 0.)  (1, 0.)  (2, 0.)  (3, 0.)  (4, 0.)  (5, 0.)  (6, 0.)  (7, 0.)  (8, 0.)  (9, 0.)  (10, 0.)  (11, 0.)  (12, 0.)  (13, 0.)  (14, 0.)  (15, 0.)  (16, 0.)  (17, 0.)  (18, 0.)  (19, 0.)  (20, 0.)  (21, 0.)  (22, 0.)  (23, 0.)  (24, 0.)  (25, 0.)  (26, 0.)  (27, 0.)  (28, 0.)  (29, 0.) 
row 106: (0, 0.)  (1, 0.)  (2, 0.)  (3, 0.)  (4, 0.)  (5, 0.)  (6, 0.)  (7, 0.)  (8, 0.)  (9, 0.)  (10, 0.)  (11, 0.)  (12, 0.)  (13, 0.)  (14, 0.)  (15, 0.)  (16, 0.)  (17, 0.)  (18, 0.)  (19, 0.)  (20, 0.)  (21, 0.)  (22, 0.)  (23, 0.)  (24, 0.)  (25, 0.)  (26, 0.)  (27, 0.)  (28, 0.)  (29, 0.) 
row 107: (0, 0.)  (1, 0.)  (2, 0.)  (3, 0.)  (4, 0.)  (5, 0.)  (6, 0.)  (7, 0.)  (8, 0.)  (9, 0.)  (10, 0.)  (11, 0.)  (12, 0.)  (13, 0.)  (14, 0.)  (15, 0.)  (16, 0.)  (17, 0.)  (18, 0.)  (19, 0.)  (20, 0.)  (21, 0.)  (22, 0.)  (23, 0.)  (24, 0.)  (25, 0.)  (26, 0.)  (27, 0.)  (28, 0.)  (29, 0.) 
row 108: (0, 0.)  (1, 0.)  (2, 0.)  (3, 0.)  (4, 0.)  (5, 0.)  (6, 0.)  (7, 0.)  (8, 0.)  (9, 0.)  (10, 0.)  (11, 0.)  (12, 0.)  (13, 0.)  (14, 0.)  (15, 0.)  (16, 0.)  (17, 0.)  (18, 0.)  (19, 0.)  (20, 0.)  (21, 0.)  (22, 0.)  (23, 0.)  (24, 0.)  (25, 0.)  (26, 0.)  (27, 0.)  (28, 0.)  (29, 0.) 
row 109: (0, 0.)  (1, 0.)  (2, 0.)  (3, 0.)  (4, 0.)  (5, 0.)  (6, 0.)  (7, 0.)  (8, 0.)  (9, 0.)  (10, 0.)  (11, 0.)  (12, 0.)  (13, 0.)  (14, 0.)  (15, 0.)  (16, 0.)  (17, 0.)  (18, 0.)  (19, 0.)  (20, 0.)  (21, 0.)  (22, 0.)  (23, 0.)  (24, 0.)  (25, 0.)  (26, 0.)  (27, 0.)  (28, 0.)  (29, 0.) 
row 110: (0, 0.)  (1, 0.)  (2, 0.)  (3, 0.)  (4, 0.)  (5, 0.)  (6, 0.)  (7, 0.)  (8, 0.)  (9, 0.)  (10, 0.)  (11, 0.)  (12, 0.)  (13, 0.)  (14, 0.)  (15, 0.)  (16, 0.)  (17, 0.)  (18, 0.)  (19, 0.)  (20, 0.)  (21, 0.)  (22, 0.)  (23, 0.)  (24, 0.)  (25, 0.)  (26, 0.)  (27, 0.)  (28, 0.)  (29, 0.) 
row 111: (0, 0.)  (1, 0.)  (2, 0.)  (3, 0.)  (4, 0.)  (5, 0.)  (6, 0.)  (7, 0.)  (8, 0.)  (9, 0.)  (10, 0.)  (11, 0.)  (12, 0.)  (13, 0.)  (14, 0.)  (15, 0.)  (16, 0.)  (17, 0.)  (18, 0.)  (19, 0.)  (20, 0.)  (21, 0.)  (22, 0.)  (23, 0.)  (24, 0.)  (25, 0.)  (26, 0.)  (27, 0.)  (28, 0.)  (29, 0.) 
row 112: (0, 0.)  (1, 0.)  (2, 0.)  (3, 0.)  (4, 0.)  (5, 0.)  (6, 0.)  (7, 0.)  (8, 0.)  (9, 0.)  (10, 0.)  (11, 0.)  (12, 0.)  (13, 0.)  (14, 0.)  (15, 0.)  (16, 0.)  (17, 0.)  (18, 0.)  (19, 0.)  (20, 0.)  (21, 0.)  (22, 0.)  (23, 0.)  (24, 0.)  (25, 0.)  (26, 0.)  (27, 0.)  (28, 0.)  (29, 0.) 
row 113: (0, 0.)  (1, 0.)  (2, 0.)  (3, 0.)  (4, 0.)  (5, 0.)  (6, 0.)  (7, 0.)  (8, 0.)  (9, 0.)  (10, 0.)  (11, 0.)  (12, 0.)  (13, 0.)  (14, 0.)  (15, 0.)  (16, 0.)  (17, 0.)  (18, 0.)  (19, 0.)  (20, 0.)  (21, 0.)  (22, 0.)  (23, 0.)  (24, 0.)  (25, 0.)  (26, 0.)  (27, 0.)  (28, 0.)  (29, 0.) 
row 114: (0, 0.)  (1, 0.)  (2, 0.)  (3, 0.)  (4, 0.)  (5, 0.)  (6, 0.)  (7, 0.)  (8, 0.)  (9, 0.)  (10, 0.)  (11, 0.)  (12, 0.)  (13, 0.)  (14, 0.)  (15, 0.)  (16, 0.)  (17, 0.)  (18, 0.)  (19, 0.)  (20, 0.)  (21, 0.)  (22, 0.)  (23, 0.)  (24, 0.)  (25, 0.)  (26, 0.)  (27, 0.)  (28, 0.)  (29, 0.) 
row 115: (0, 0.)  (1, 0.)  (2, 0.)  (3, 0.)  (4, 0.)  (5, 0.)  (6, 0.)  (7, 0.)  (8, 0.)  (9, 0.)  (10, 0.)  (11, 0.)  (12, 0.)  (13, 0.)  (14, 0.)  (15, 0.)  (16, 0.)  (17, 0.)  (18, 0.)  (19, 0.)  (20, 0.)  (21, 0.)  (22, 0.)  (23, 0.)  (24, 0.)  (25, 0.)  (26, 0.)  (27, 0.)  (28, 0.)  (29, 0.) 
row 116: (0, 0.)  (1, 0.)  (2, 0.)  (3, 0.)  (4, 0.)  (5, 0.)  (6, 0.)  (7, 0.)  (8, 0.)  (9, 0.)  (10, 0.)  (11, 0.)  (12, 0.)  (13, 0.)  (14, 0.)  (15, 0.)  (16, 0.)  (17, 0.)  (18, 0.)  (19, 0.)  (20, 0.)  (21, 0.)  (22, 0.)  (23, 0.)  (24, 0.)  (25, 0.)  (26, 0.)  (27, 0.)  (28, 0.)  (29, 0.) 
row 117: (0, 0.)  (1, 0.)  (2, 0.)  (3, 0.)  (4, 0.)  (5, 0.)  (6, 0.)  (7, 0.)  (8, 0.)  (9, 0.)  (10, 0.)  (11, 0.)  (12, 0.)  (13, 0.)  (14, 0.)  (15, 0.)  (16, 0.)  (17, 0.)  (18, 0.)  (19, 0.)  (20, 0.)  (21, 0.)  (22, 0.)  (23, 0.)  (24, 0.)  (25, 0.)  (26, 0.)  (27, 0.)  (28, 0.)  (29, 0.) 
row 118: (0, 0.)  (1, 0.)  (2, 0.)  (3, 0.)  (4, 0.)  (5, 0.)  (6, 0.)  (7, 0.)  (8, 0.)  (9, 0.)  (10, 0.)  (11, 0.)  (12, 0.)  (13, 0.)  (14, 0.)  (15, 0.)  (16, 0.)  (17, 0.)  (18, 0.)  (19, 0.)  (20, 0.)  (21, 0.)  (22, 0.)  (23, 0.)  (24, 0.)  (25, 0.)  (26, 0.)  (27, 0.)  (28, 0.)  (29, 0.) 
row 119: (0, 0.)  (1, 0.)  (2, 0.)  (3, 0.)  (4, 0.)  (5, 0.)  (6, 0.)  (7, 0.)  (8, 0.)  (9, 0.)  (10, 0.)  (11, 0.)  (12, 0.)  (13, 0.)  (14, 0.)  (15, 0.)  (16, 0.)  (17, 0.)  (18, 0.)  (19, 0.)  (20, 0.)  (21, 0.)  (22, 0.)  (23, 0.)  (24, 0.)  (25, 0.)  (26, 0.)  (27, 0.)  (28, 0.)  (29, 0.) 
row 120: (0, 0.)  (1, 0.)  (2, 0.)  (3, 0.)  (4, 0.)  (5, 0.)  (6, 0.)  (7, 0.)  (8, 0.)  (9, 0.)  (10, 0.)  (11, 0.)  (12, 0.)  (13, 0.)  (14, 0.)  (15, 0.)  (16, 0.)  (17, 0.)  (18, 0.)  (19, 0.)  (20, 0.)  (21, 0.)  (22, 0.)  (23, 0.)  (24, 0.)  (25, 0.)  (26, 0.)  (27, 0.)  (28, 0.)  (29, 0.) 
row 121: (0, 0.)  (1, 0.)  (2, 0.)  (3, 0.)  (4, 0.)  (5, 0.)  (6, 0.)  (7, 0.)  (8, 0.)  (9, 0.)  (10, 0.)  (11, 0.)  (12, 0.)  (13, 0.)  (14, 0.)  (15, 0.)  (16, 0.)  (17, 0.)  (18, 0.)  (19, 0.)  (20, 0.)  (21, 0.)  (22, 0.)  (23, 0.)  (24, 0.)  (25, 0.)  (26, 0.)  (27, 0.)  (28, 0.)  (29, 0.) 
row 122: (0, 0.)  (1, 0.)  (2, 0.)  (3, 0.)  (4, 0.)  (5, 0.)  (6, 0.)  (7, 0.)  (8, 0.)  (9, 0.)  (10, 0.)  (11, 0.)  (12, 0.)  (13, 0.)  (14, 0.)  (15, 0.)  (16, 0.)  (17, 0.)  (18, 0.)  (19, 0.)  (20, 0.)  (21, 0.)  (22, 0.)  (23, 0.)  (24, 0.)  (25, 0.)  (26, 0.)  (27, 0.)  (28, 0.)  (29, 0.) 
row 123: (0, 0.)  (1, 0.)  (2, 0.)  (3, 0.)  (4, 0.)  (5, 0.)  (6, 0.)  (7, 0.)  (8, 0.)  (9, 0.)  (10, 0.)  (11, 0.)  (12, 0.)  (13, 0.)  (14, 0.)  (15, 0.)  (16, 0.)  (17, 0.)  (18, 0.)  (19, 0.)  (20, 0.)  (21, 0.)  (22, 0.)  (23, 0.)  (24, 0.)  (25, 0.)  (26, 0.)  (27, 0.)  (28, 0.)  (29, 0.) 
row 124: (0, 0.)  (1, 0.)  (2, 0.)  (3, 0.)  (4, 0.)  (5, 0.)  (6, 0.)  (7, 0.)  (8, 0.)  (9, 0.)  (10, 0.)  (11, 0.)  (12, 0.)  (13, 0.)  (14, 0.)  (15, 0.)  (16, 0.)  (17, 0.)  (18, 0.)  (19, 0.)  (20, 0.)  (21, 0.)  (22, 0.)  (23, 0.)  (24, 0.)  (25, 0.)  (26, 0.)  (27, 0.)  (28, 0.)  (29, 0.) 
row 125: (0, 0.)  (1, 0.)  (2, 0.)  (3, 0.)  (4, 0.)  (5, 0.)  (6, 0.)  (7, 0.)  (8, 0.)  (9, 0.)  (10, 0.)  (11, 0.)  (12, 0.)  (13, 0.)  (14, 0.)  (15, 0.)  (16, 0.)  (17, 0.)  (18, 0.)  (19, 0.)  (20, 0.)  (21, 0.)  (22, 0.)  (23, 0.)  (24, 0.)  (25, 0.)  (26, 0.)  (27, 0.)  (28, 0.)  (29, 0.) 
row 126: (0, 0.)  (1, 0.)  (2, 0.)  (3, 0.)  (4, 0.)  (5, 0.)  (6, 0.)  (7, 0.)  (8, 0.)  (9, 0.)  (10, 0.)  (11, 0.)  (12, 0.)  (13, 0.)  (14, 0.)  (15, 0.)  (16, 0.)  (17, 0.)  (18, 0.)  (19, 0.)  (20, 0.)  (21, 0.)  (22, 0.)  (23, 0.)  (24, 0.)  (25, 0.)  (26, 0.)  (27, 0.)  (28, 0.)  (29, 0.) 
row 127: (0, 0.)  (1, 0.)  (2, 0.)  (3, 0.)  (4, 0.)  (5, 0.)  (6, 0.)  (7, 0.)  (8, 0.)  (9, 0.)  (10, 0.)  (11, 0.)  (12, 0.)  (13, 0.)  (14, 0.)  (15, 0.)  (16, 0.)  (17, 0.)  (18, 0.)  (19, 0.)  (20, 0.)  (21, 0.)  (22, 0.)  (23, 0.)  (24, 0.)  (25, 0.)  (26, 0.)  (27, 0.)  (28, 0.)  (29, 0.) 
row 128: (0, 0.)  (1, 0.)  (2, 0.)  (3, 0.)  (4, 0.)  (5, 0.)  (6, 0.)  (7, 0.)  (8, 0.)  (9, 0.)  (10, 0.)  (11, 0.)  (12, 0.)  (13, 0.)  (14, 0.)  (15, 0.)  (16, 0.)  (17, 0.)  (18, 0.)  (19, 0.)  (20, 0.)  (21, 0.)  (22, 0.)  (23, 0.)  (24, 0.)  (25, 0.)  (26, 0.)  (27, 0.)  (28, 0.)  (29, 0.) 
row 129: (0, 0.)  (1, 0.)  (2, 0.)  (3, 0.)  (4, 0.)  (5, 0.)  (6, 0.)  (7, 0.)  (8, 0.)  (9, 0.)  (10, 0.)  (11, 0.)  (12, 0.)  (13, 0.)  (14, 0.)  (15, 0.)  (16, 0.)  (17, 0.)  (18, 0.)  (19, 0.)  (20, 0.)  (21, 0.)  (22, 0.)  (23, 0.)  (24, 0.)  (25, 0.)  (26, 0.)  (27, 0.)  (28, 0.)  (29, 0.) 
row 130: (0, 0.)  (1, 0.)  (2, 0.)  (3, 0.)  (4, 0.)  (5, 0.)  (6, 0.)  (7, 0.)  (8, 0.)  (9, 0.)  (10, 0.)  (11, 0.)  (12, 0.)  (13, 0.)  (14, 0.)  (15, 0.)  (16, 0.)  (17, 0.)  (18, 0.)  (19, 0.)  (20, 0.)  (21, 0.)  (22, 0.)  (23, 0.)  (24, 0.)  (25, 0.)  (26, 0.)  (27, 0.)  (28, 0.)  (29, 0.) 
row 131: (0, 0.)  (1, 0.)  (2, 0.)  (3, 0.)  (4, 0.)  (5, 0.)  (6, 0.)  (7, 0.)  (8, 0.)  (9, 0.)  (10, 0.)  (11, 0.)  (12, 0.)  (13, 0.)  (14, 0.)  (15, 0.)  (16, 0.)  (17, 0.)  (18, 0.)  (19, 0.)  (20, 0.)  (21, 0.)  (22, 0.)  (23, 0.)  (24, 0.)  (25, 0.)  (26, 0.)  (27, 0.)  (28, 0.)  (29, 0.) 
row 132: (0, 0.)  (1, 0.)  (2, 0.)  (3, 0.)  (4, 0.)  (5, 0.)  (6, 0.)  (7, 0.)  (8, 0.)  (9, 0.)  (10, 0.)  (11, 0.)  (12, 0.)  (13, 0.)  (14, 0.)  (15, 0.)  (16, 0.)  (17, 0.)  (18, 0.)  (19, 0.)  (20, 0.)  (21, 0.)  (22, 0.)  (23, 0.)  (24, 0.)  (25, 0.)  (26, 0.)  (27, 0.)  (28, 0.)  (29, 0.) 
row 133: (0, 0.)  (1, 0.)  (2, 0.)  (3, 0.)  (4, 0.)  (5, 0.)  (6, 0.)  (7, 0.)  (8, 0.)  (9, 0.)  (10, 0.)  (11, 0.)  (12, 0.)  (13, 0.)  (14, 0.)  (15, 0.)  (16, 0.)  (17, 0.)  (18, 0.)  (19, 0.)  (20, 0.)  (21, 0.)  (22, 0.)  (23, 0.)  (24, 0.)  (25, 0.)  (26, 0.)  (27, 0.)  (28, 0.)  (29, 0.) 
row 134: (0, 0.)  (1, 0.)  (2, 0.)  (3, 0.)  (4, 0.)  (5, 0.)  (6, 0.)  (7, 0.)  (8, 0.)  (9, 0.)  (10, 0.)  (11, 0.)  (12, 0.)  (13, 0.)  (14, 0.)  (15, 0.)  (16, 0.)  (17, 0.)  (18, 0.)  (19, 0.)  (20, 0.)  (21, 0.)  (22, 0.)  (23, 0.)  (24, 0.)  (25, 0.)  (26, 0.)  (27, 0.)  (28, 0.)  (29, 0.) 
row 135: (0, 0.)  (1, 0.)  (2, 0.)  (3, 0.)  (4, 0.)  (5, 0.)  (6, 0.)  (7, 0.)  (8, 0.)  (9, 0.)  (10, 0.)  (11, 0.)  (12, 0.)  (13, 0.)  (14, 0.)  (15, 0.)  (16, 0.)  (17, 0.)  (18, 0.)  (19, 0.)  (20, 0.)  (21, 0.)  (22, 0.)  (23, 0.)  (24, 0.)  (25, 0.)  (26, 0.)  (27, 0.)  (28, 0.)  (29, 0.) 
row 136: (0, 0.)  (1, 0.)  (2, 0.)  (3, 0.)  (4, 0.)  (5, 0.)  (6, 0.)  (7, 0.)  (8, 0.)  (9, 0.)  (10, 0.)  (11, 0.)  (12, 0.)  (13, 0.)  (14, 0.)  (15, 0.)  (16, 0.)  (17, 0.)  (18, 0.)  (19, 0.)  (20, 0.)  (21, 0.)  (22, 0.)  (23, 0.)  (24, 0.)  (25, 0.)  (26, 0.)  (27, 0.)  (28, 0.)  (29, 0.) 
row 137: (0, 0.)  (1, 0.)  (2, 0.)  (3, 0.)  (4, 0.)  (5, 0.)  (6, 0.)  (7, 0.)  (8, 0.)  (9, 0.)  (10, 0.)  (11, 0.)  (12, 0.)  (13, 0.)  (14, 0.)  (15, 0.)  (16, 0.)  (17, 0.)  (18, 0.)  (19, 0.)  (20, 0.)  (21, 0.)  (22, 0.)  (23, 0.)  (24, 0.)  (25, 0.)  (26, 0.)  (27, 0.)  (28, 0.)  (29, 0.) 
row 138: (0, 0.)  (1, 0.)  (2, 0.)  (3, 0.)  (4, 0.)  (5, 0.)  (6, 0.)  (7, 0.)  (8, 0.)  (9, 0.)  (10, 0.)  (11, 0.)  (12, 0.)  (13, 0.)  (14, 0.)  (15, 0.)  (16, 0.)  (17, 0.)  (18, 0.)  (19, 0.)  (20, 0.)  (21, 0.)  (22, 0.)  (23, 0.)  (24, 0.)  (25, 0.)  (26, 0.)  (27, 0.)  (28, 0.)  (29, 0.) 
row 139: (0, 0.)  (1, 0.)  (2, 0.)  (3, 0.)  (4, 0.)  (5, 0.)  (6, 0.)  (7, 0.)  (8, 0.)  (9, 0.)  (10, 0.)  (11, 0.)  (12, 0.)  (13, 0.)  (14, 0.)  (15, 0.)  (16, 0.)  (17, 0.)  (18, 0.)  (19, 0.)  (20, 0.)  (21, 0.)  (22, 0.)  (23, 0.)  (24, 0.)  (25, 0.)  (26, 0.)  (27, 0.)  (28, 0.)  (29, 0.) 
