149
1	0	0	0.003000 0.000000 0.000000
2	0	0	0.006000 0.000000 0.000000
3	0	0	0.009000 0.000000 0.000000
4	0	0	0.011999 0.000000 0.000000
5	0	0	0.014999 0.003000 0.000000
6	0	0	0.014999 0.006000 0.000000
7	0	0	0.014999 0.009000 0.000000
8	0	0	0.014999 0.011999 0.000000
9	0	0	0.011999 0.014999 0.000000
10	0	0	0.009000 0.014999 0.000000
11	0	0	0.006000 0.014999 0.000000
12	0	0	0.003000 0.014999 0.000000
13	0	0	0.000000 0.011999 0.000000
14	0	0	0.000000 0.009000 0.000000
15	0	0	0.000000 0.006000 0.000000
16	0	0	0.000000 0.003000 0.000000
17	0	0	0.014999 0.014999 0.000000
18	0	0	0.000000 0.014999 0.000000
19	0	0	0.000000 0.000000 0.000000
20	0	0	0.014999 0.000000 0.000000
21	0	0	0.012615 0.012872 0.000000
22	0	0	0.009881 0.009081 0.000000
23	0	0	0.007500 0.007505 0.000000
24	0	0	0.005116 0.005926 0.000000
25	0	0	0.002415 0.004600 0.000000
26	0	0	0.002439 0.007495 0.000000
27	0	0	0.002402 0.012940 0.000000
28	0	0	0.005099 0.009074 0.000000
29	0	0	0.012413 0.007508 0.000000
30	0	0	0.010235 0.012881 0.000000
31	0	0	0.007487 0.010515 0.000000
32	0	0	0.007781 0.012920 0.000000
33	0	0	0.005180 0.012920 0.000000
34	0	0	0.012523 0.001990 0.000000
35	0	0	0.009898 0.005931 0.000000
36	0	0	0.005052 0.002049 0.000000
37	0	0	0.007511 0.004490 0.000000
38	0	0	0.007507 0.002010 0.000000
39	0	0	0.010182 0.001974 0.000000
40	0	0	0.002438 0.010054 0.000000
41	0	0	0.002435 0.001991 0.000000
42	0	0	0.012514 0.010190 0.000000
43	0	0	0.012449 0.004985 0.000000
44	0	0	0.000000 0.001500 0.000000
45	0	0	0.000000 0.004500 0.000000
46	0	0	0.000000 0.007500 0.000000
47	0	0	0.000000 0.010499 0.000000
48	0	0	0.000000 0.013499 0.000000
49	0	0	0.001500 0.014999 0.000000
50	0	0	0.004500 0.014999 0.000000
51	0	0	0.007500 0.014999 0.000000
52	0	0	0.010499 0.014999 0.000000
53	0	0	0.013499 0.014999 0.000000
54	0	0	0.014999 0.013499 0.000000
55	0	0	0.014999 0.010499 0.000000
56	0	0	0.014999 0.007500 0.000000
57	0	0	0.014999 0.004500 0.000000
58	0	0	0.014999 0.001500 0.000000
59	0	0	0.013499 0.000000 0.000000
60	0	0	0.010499 0.000000 0.000000
61	0	0	0.007500 0.000000 0.000000
62	0	0	0.004500 0.000000 0.000000
63	0	0	0.001500 0.000000 0.000000
64	0	0	0.013724 0.005492 0.000000
65	0	0	0.013706 0.006754 0.000000
66	0	0	0.012431 0.006246 0.000000
67	0	0	0.012486 0.003487 0.000000
68	0	0	0.013761 0.002495 0.000000
69	0	0	0.013724 0.003992 0.000000
70	0	0	0.011174 0.005458 0.000000
71	0	0	0.011155 0.006720 0.000000
72	0	0	0.011352 0.001982 0.000000
73	0	0	0.011316 0.003479 0.000000
74	0	0	0.013757 0.009595 0.000000
75	0	0	0.013706 0.008254 0.000000
76	0	0	0.012463 0.008849 0.000000
77	0	0	0.012565 0.011531 0.000000
78	0	0	0.013807 0.012435 0.000000
79	0	0	0.013757 0.011094 0.000000
80	0	0	0.011198 0.009635 0.000000
81	0	0	0.011147 0.008294 0.000000
82	0	0	0.011425 0.012876 0.000000
83	0	0	0.011374 0.011535 0.000000
84	0	0	0.011117 0.013940 0.000000
85	0	0	0.012307 0.013935 0.000000
86	0	0	0.010058 0.010981 0.000000
87	0	0	0.003744 0.002020 0.000000
88	0	0	0.004026 0.001025 0.000000
89	0	0	0.002717 0.000996 0.000000
90	0	0	0.003734 0.003325 0.000000
91	0	0	0.002425 0.003296 0.000000
92	0	0	0.001218 0.000996 0.000000
93	0	0	0.001208 0.003800 0.000000
94	0	0	0.001218 0.002496 0.000000
95	0	0	0.003769 0.009564 0.000000
96	0	0	0.003769 0.008285 0.000000
97	0	0	0.002439 0.008775 0.000000
98	0	0	0.002420 0.011497 0.000000
99	0	0	0.003791 0.012930 0.000000
100	0	0	0.003809 0.011487 0.000000
101	0	0	0.001219 0.011027 0.000000
102	0	0	0.001219 0.009527 0.000000
103	0	0	0.001201 0.012470 0.000000
104	0	0	0.012261 0.000995 0.000000
105	0	0	0.013761 0.000995 0.000000
106	0	0	0.008845 0.001992 0.000000
107	0	0	0.008254 0.001005 0.000000
108	0	0	0.009591 0.000987 0.000000
109	0	0	0.008704 0.005211 0.000000
110	0	0	0.008846 0.003232 0.000000
111	0	0	0.010040 0.003953 0.000000
112	0	0	0.002701 0.013969 0.000000
113	0	0	0.001201 0.013969 0.000000
114	0	0	0.006754 0.001005 0.000000
115	0	0	0.006480 0.012920 0.000000
116	0	0	0.006890 0.013960 0.000000
117	0	0	0.005590 0.013959 0.000000
118	0	0	0.005084 0.003988 0.000000
119	0	0	0.006281 0.003270 0.000000
120	0	0	0.006313 0.005208 0.000000
121	0	0	0.013807 0.013935 0.000000
122	0	0	0.008390 0.013960 0.000000
123	0	0	0.006293 0.009795 0.000000
124	0	0	0.006333 0.011717 0.000000
125	0	0	0.005139 0.010997 0.000000
126	0	0	0.008861 0.011698 0.000000
127	0	0	0.008684 0.009798 0.000000
128	0	0	0.001219 0.008248 0.000000
129	0	0	0.001219 0.006748 0.000000
130	0	0	0.011091 0.000987 0.000000
131	0	0	0.007509 0.003250 0.000000
132	0	0	0.005526 0.001025 0.000000
133	0	0	0.004090 0.013959 0.000000
134	0	0	0.006280 0.002029 0.000000
135	0	0	0.007505 0.005998 0.000000
136	0	0	0.006308 0.006716 0.000000
137	0	0	0.008699 0.006718 0.000000
138	0	0	0.009890 0.007506 0.000000
139	0	0	0.003765 0.005263 0.000000
140	0	0	0.008691 0.008293 0.000000
141	0	0	0.007634 0.011718 0.000000
142	0	0	0.009008 0.012901 0.000000
143	0	0	0.009617 0.013940 0.000000
144	0	0	0.007493 0.009010 0.000000
145	0	0	0.006299 0.008290 0.000000
146	0	0	0.003777 0.006711 0.000000
147	0	0	0.005107 0.007500 0.000000
148	0	0	0.002427 0.006048 0.000000
149	0	0	0.001208 0.005300 0.000000