1049
1       0       0 -0.010025 0.000231 -0.001964
2       0       0 -0.009682 0.000729 -0.003807
3       0       0 -0.008090 0.000287 -0.002570
4       0       0 -0.007838 0.005982 -0.009113
5       0       0 -0.005781 0.006328 -0.008911
6       0       0 -0.009381 0.001724 -0.005535
7       0       0 -0.007655 0.000945 -0.004384
8       0       0 -0.006034 0.000346 -0.003131
9       0       0 -0.009129 0.003017 -0.007022
10       0       0 -0.008680 0.004427 -0.008198
11       0       0 -0.004803 0.004799 -0.007890
12       0       0 -0.006743 0.004717 -0.008114
13       0       0 -0.007179 0.002211 -0.006097
14       0       0 -0.005884 0.003406 -0.007103
15       0       0 -0.003946 0.003268 -0.006790
16       0       0 -0.003344 0.001638 -0.005335
17       0       0 -0.005176 0.002274 -0.006090
18       0       0 -0.005559 0.001194 -0.004847
19       0       0 -0.003968 0.000475 -0.003638
20       0       0 -0.007519 0.003520 -0.007342
21       0       0 -0.006782 0.007748 -0.009928
22       0       0 -0.002140 0.000590 -0.003939
23       0       0 -0.007348 0.002844 -0.006739
24       0       0 -0.008323 0.003261 -0.007189
25       0       0 -0.008154 0.002618 -0.006557
26       0       0 -0.003656 0.000979 -0.004530
27       0       0 -0.003054 0.000518 -0.003794
28       0       0 -0.002741 0.001080 -0.004659
29       0       0 -0.007164 0.008240 -0.010321
30       0       0 -0.006270 0.008860 -0.010420
31       0       0 -0.001520 0.001061 -0.004466
32       0       0 -0.001156 0.000394 -0.003401
33       0       0 -0.008419 0.006599 -0.009637
34       0       0 -0.007306 0.006855 -0.009534
35       0       0 -0.007888 0.007474 -0.010055
36       0       0 -0.006846 0.000608 -0.003770
37       0       0 -0.005799 0.000691 -0.004022
38       0       0 -0.006608 0.001056 -0.004623
39       0       0 -0.005522 0.000153 -0.002418
40       0       0 -0.004489 0.000184 -0.002678
41       0       0 -0.005001 0.000402 -0.003387
42       0       0 -0.006701 0.003463 -0.007223
43       0       0 -0.006312 0.004055 -0.007616
44       0       0 -0.007128 0.004102 -0.007747
45       0       0 -0.004914 0.003334 -0.006950
46       0       0 -0.005529 0.002825 -0.006611
47       0       0 -0.004558 0.002748 -0.006463
48       0       0 -0.004260 0.001951 -0.005717
49       0       0 -0.005367 0.001700 -0.005492
50       0       0 -0.004451 0.001398 -0.005103
51       0       0 -0.006810 0.006155 -0.009012
52       0       0 -0.007291 0.005352 -0.008609
53       0       0 -0.006259 0.005510 -0.008530
54       0       0 -0.002862 0.003173 -0.006593
55       0       0 -0.003640 0.002417 -0.006098
56       0       0 -0.002556 0.002323 -0.005899
57       0       0 -0.009974 0.003495 -0.007575
58       0       0 -0.008901 0.003698 -0.007633
59       0       0 -0.009748 0.004191 -0.008171
60       0       0 -0.008669 0.000830 -0.004098
61       0       0 -0.008887 0.000486 -0.003194
62       0       0 -0.007876 0.000546 -0.003497
63       0       0 -0.003779 0.004785 -0.007733
64       0       0 -0.004372 0.004022 -0.007354
65       0       0 -0.003347 0.004000 -0.007207
66       0       0 -0.010183 0.002772 -0.006855
67       0       0 -0.010408 0.001531 -0.005283
68       0       0 -0.010558 0.001023 -0.004423
69       0       0 -0.009532 0.001168 -0.004699
70       0       0 -0.004779 0.006433 -0.008771
71       0       0 -0.005292 0.005563 -0.008401
72       0       0 -0.004285 0.005655 -0.008283
73       0       0 -0.010594 0.000631 -0.003498
74       0       0 -0.010766 0.000373 -0.002577
75       0       0 -0.009855 0.000430 -0.002897
76       0       0 -0.009057 0.000259 -0.002267
77       0       0 -0.009579 0.000111 -0.001293
78       0       0 -0.008612 0.000125 -0.001598
79       0       0 -0.010772 0.000210 -0.001748
80       0       0 -0.008518 0.001324 -0.004965
81       0       0 -0.007418 0.001525 -0.005273
82       0       0 -0.008280 0.001959 -0.005822
83       0       0 -0.009253 0.002338 -0.006302
84       0       0 -0.002123 0.001583 -0.005169
85       0       0 -0.002487 0.000208 -0.003130
86       0       0 -0.003397 0.000214 -0.002960
87       0       0 -0.006284 0.007044 -0.009411
88       0       0 -0.005282 0.007304 -0.009321
89       0       0 -0.005785 0.008020 -0.009819
90       0       0 -0.006178 0.002236 -0.006098
91       0       0 -0.006369 0.001683 -0.005485
92       0       0 -0.006529 0.002775 -0.006631
93       0       0 -0.004764 0.000805 -0.004257
94       0       0 -0.008100 0.003975 -0.007769
95       0       0 -0.007711 0.004571 -0.008158
96       0       0 -0.005340 0.004086 -0.007518
97       0       0 -0.005773 0.004758 -0.008002
98       0       0 -0.008255 0.005189 -0.008675
99       0       0 -0.009384 0.004999 -0.008752
100       0       0 -0.008961 0.005771 -0.009215
101       0       0 -0.007570 0.000127 -0.001872
102       0       0 -0.006543 0.000134 -0.002156
103       0       0 -0.007063 0.000310 -0.002852
104       0       0 -0.010309 0.002132 -0.006107
105       0       0 -0.010772 0.000098 -0.000984
106       0       0 -0.008238 0.002935 -0.006877
107       0       0 -0.008726 0.003138 -0.007107
108       0       0 -0.008642 0.002819 -0.006788
109       0       0 -0.007836 0.003054 -0.006962
110       0       0 -0.007751 0.002729 -0.006649
111       0       0 -0.007433 0.003177 -0.007045
112       0       0 -0.007921 0.003389 -0.007267
113       0       0 -0.007263 0.002522 -0.006423
114       0       0 -0.007667 0.002415 -0.006326
115       0       0 -0.002898 0.000777 -0.004239
116       0       0 -0.002597 0.000545 -0.003871
117       0       0 -0.002440 0.000825 -0.004305
118       0       0 -0.003355 0.000738 -0.004168
119       0       0 -0.003198 0.001027 -0.004596
120       0       0 -0.003812 0.000702 -0.004096
121       0       0 -0.003511 0.000496 -0.003716
122       0       0 -0.003499 0.001292 -0.004944
123       0       0 -0.003042 0.001352 -0.005002
124       0       0 -0.006716 0.008548 -0.010373
125       0       0 -0.006974 0.007995 -0.010123
126       0       0 -0.006525 0.008302 -0.010176
127       0       0 -0.006925 0.008816 -0.010595
128       0       0 -0.006480 0.009128 -0.010641
129       0       0 -0.007353 0.008482 -0.010523
130       0       0 -0.006015 0.009419 -0.010662
131       0       0 -0.001332 0.000707 -0.003946
132       0       0 -0.001827 0.000806 -0.004214
133       0       0 -0.001645 0.000471 -0.003681
134       0       0 -0.001030 0.000988 -0.004188
135       0       0 -0.000849 0.000661 -0.003651
136       0       0 -0.001221 0.001342 -0.004698
137       0       0 -0.000680 0.000367 -0.003099
138       0       0 -0.007598 0.007167 -0.009792
139       0       0 -0.007043 0.007299 -0.009734
140       0       0 -0.007335 0.007611 -0.009992
141       0       0 -0.007863 0.006727 -0.009585
142       0       0 -0.008152 0.007035 -0.009849
143       0       0 -0.008129 0.006292 -0.009373
144       0       0 -0.007571 0.006416 -0.009327
145       0       0 -0.008707 0.006902 -0.009907
146       0       0 -0.008441 0.007338 -0.010118
147       0       0 -0.006203 0.000865 -0.004326
148       0       0 -0.005679 0.000926 -0.004443
149       0       0 -0.006084 0.001121 -0.004737
150       0       0 -0.006323 0.000645 -0.003898
151       0       0 -0.006728 0.000813 -0.004205
152       0       0 -0.006441 0.000467 -0.003454
153       0       0 -0.005917 0.000498 -0.003583
154       0       0 -0.007251 0.000768 -0.004080
155       0       0 -0.007131 0.000998 -0.004505
156       0       0 -0.004746 0.000284 -0.003035
157       0       0 -0.004229 0.000308 -0.003163
158       0       0 -0.004485 0.000437 -0.003513
159       0       0 -0.005006 0.000168 -0.002548
160       0       0 -0.005262 0.000261 -0.002906
161       0       0 -0.005265 0.000076 -0.002058
162       0       0 -0.004749 0.000087 -0.002189
163       0       0 -0.005778 0.000241 -0.002776
164       0       0 -0.005518 0.000371 -0.003260
165       0       0 -0.006720 0.004079 -0.007681
166       0       0 -0.006527 0.004385 -0.007866
167       0       0 -0.006935 0.004406 -0.007934
168       0       0 -0.006506 0.003755 -0.007425
169       0       0 -0.006915 0.003781 -0.007487
170       0       0 -0.006292 0.003434 -0.007164
171       0       0 -0.006098 0.003729 -0.007362
172       0       0 -0.007110 0.003492 -0.007282
173       0       0 -0.007323 0.003806 -0.007550
174       0       0 -0.005043 0.002785 -0.006538
175       0       0 -0.005352 0.002545 -0.006354
176       0       0 -0.004867 0.002504 -0.006283
177       0       0 -0.005221 0.003074 -0.006786
178       0       0 -0.004736 0.003038 -0.006710
179       0       0 -0.005399 0.003369 -0.007028
180       0       0 -0.005706 0.003113 -0.006860
181       0       0 -0.004430 0.003300 -0.006871
182       0       0 -0.004251 0.003003 -0.006631
183       0       0 -0.004909 0.001547 -0.005299
184       0       0 -0.005463 0.001439 -0.005175
185       0       0 -0.005005 0.001292 -0.004978
186       0       0 -0.004813 0.001821 -0.005608
187       0       0 -0.004355 0.001665 -0.005417
188       0       0 -0.004718 0.002111 -0.005905
189       0       0 -0.005271 0.001979 -0.005798
190       0       0 -0.003802 0.001793 -0.005527
191       0       0 -0.003897 0.001513 -0.005223
192       0       0 -0.006775 0.005431 -0.008569
193       0       0 -0.007017 0.005035 -0.008361
194       0       0 -0.006500 0.005110 -0.008326
195       0       0 -0.007050 0.005751 -0.008814
196       0       0 -0.006534 0.005834 -0.008769
197       0       0 -0.007324 0.006069 -0.009062
198       0       0 -0.007565 0.005668 -0.008860
199       0       0 -0.006295 0.006242 -0.008962
200       0       0 -0.006019 0.005916 -0.008725
201       0       0 -0.003098 0.002368 -0.006000
202       0       0 -0.003491 0.002016 -0.005726
203       0       0 -0.002948 0.001965 -0.005631
204       0       0 -0.003250 0.002788 -0.006353
205       0       0 -0.002708 0.002741 -0.006253
206       0       0 -0.003404 0.003220 -0.006692
207       0       0 -0.003792 0.002835 -0.006451
208       0       0 -0.002320 0.003125 -0.006493
209       0       0 -0.002166 0.002695 -0.006152
210       0       0 -0.009325 0.003946 -0.007901
211       0       0 -0.008790 0.004057 -0.007922
212       0       0 -0.009214 0.004308 -0.008186
213       0       0 -0.009437 0.003596 -0.007605
214       0       0 -0.009860 0.003838 -0.007878
215       0       0 -0.009551 0.003257 -0.007298
216       0       0 -0.009014 0.003351 -0.007334
217       0       0 -0.010396 0.003731 -0.007855
218       0       0 -0.010283 0.004076 -0.008155
219       0       0 -0.008381 0.000515 -0.003346
220       0       0 -0.008489 0.000381 -0.002883
221       0       0 -0.007984 0.000402 -0.003037
222       0       0 -0.008778 0.000640 -0.003652
223       0       0 -0.008272 0.000681 -0.003800
224       0       0 -0.009175 0.000777 -0.003953
225       0       0 -0.009284 0.000601 -0.003502
226       0       0 -0.008162 0.000885 -0.004242
227       0       0 -0.007766 0.000726 -0.003948
228       0       0 -0.003859 0.004011 -0.007281
229       0       0 -0.004158 0.003641 -0.007077
230       0       0 -0.003645 0.003629 -0.007005
231       0       0 -0.004075 0.004399 -0.007550
232       0       0 -0.003563 0.004390 -0.007474
233       0       0 -0.004291 0.004791 -0.007812
234       0       0 -0.004587 0.004408 -0.007625
235       0       0 -0.003268 0.004779 -0.007652
236       0       0 -0.003051 0.004382 -0.007396
237       0       0 -0.010623 0.003000 -0.007146
238       0       0 -0.010710 0.002654 -0.006769
239       0       0 -0.010518 0.003358 -0.007508
240       0       0 -0.010078 0.003126 -0.007221
241       0       0 -0.009656 0.002893 -0.006940
242       0       0 -0.010045 0.001094 -0.004562
243       0       0 -0.010120 0.000871 -0.004117
244       0       0 -0.009607 0.000931 -0.004260
245       0       0 -0.010483 0.001264 -0.004859
246       0       0 -0.009970 0.001347 -0.004992
247       0       0 -0.010922 0.001439 -0.005155
248       0       0 -0.010997 0.001184 -0.004725
249       0       0 -0.009894 0.001626 -0.005410
250       0       0 -0.009456 0.001434 -0.005124
251       0       0 -0.004788 0.005608 -0.008343
252       0       0 -0.005047 0.005180 -0.008147
253       0       0 -0.004543 0.005222 -0.008093
254       0       0 -0.005034 0.005994 -0.008592
255       0       0 -0.004532 0.006044 -0.008527
256       0       0 -0.005280 0.006380 -0.008842
257       0       0 -0.005537 0.005946 -0.008656
258       0       0 -0.004278 0.006488 -0.008698
259       0       0 -0.004030 0.006096 -0.008459
260       0       0 -0.010310 0.000401 -0.002737
261       0       0 -0.010396 0.000298 -0.002271
262       0       0 -0.009940 0.000320 -0.002432
263       0       0 -0.010681 0.000490 -0.003040
264       0       0 -0.010225 0.000526 -0.003198
265       0       0 -0.011051 0.000588 -0.003341
266       0       0 -0.011137 0.000457 -0.002882
267       0       0 -0.010138 0.000678 -0.003653
268       0       0 -0.009768 0.000565 -0.003356
269       0       0 -0.009095 0.000118 -0.001446
270       0       0 -0.009356 0.000057 -0.000957
271       0       0 -0.008872 0.000062 -0.001110
272       0       0 -0.009318 0.000178 -0.001781
273       0       0 -0.008835 0.000188 -0.001933
274       0       0 -0.009541 0.000244 -0.002116
275       0       0 -0.009802 0.000167 -0.001629
276       0       0 -0.008574 0.000273 -0.002418
277       0       0 -0.008351 0.000198 -0.002085
278       0       0 -0.011144 0.000273 -0.002056
279       0       0 -0.011146 0.000201 -0.001640
280       0       0 -0.011141 0.000357 -0.002470
281       0       0 -0.010769 0.000285 -0.002164
282       0       0 -0.010399 0.000220 -0.001856
283       0       0 -0.007849 0.001740 -0.005549
284       0       0 -0.007299 0.001856 -0.005693
285       0       0 -0.007730 0.002082 -0.005962
286       0       0 -0.007968 0.001422 -0.005120
287       0       0 -0.008399 0.001629 -0.005401
288       0       0 -0.008087 0.001130 -0.004676
289       0       0 -0.007537 0.001219 -0.004837
290       0       0 -0.008950 0.001522 -0.005251
291       0       0 -0.008831 0.001839 -0.005680
292       0       0 -0.008217 0.002280 -0.006196
293       0       0 -0.008767 0.002149 -0.006061
294       0       0 -0.008704 0.002476 -0.006431
295       0       0 -0.009317 0.002022 -0.005924
296       0       0 -0.009191 0.002670 -0.006668
297       0       0 -0.002431 0.001317 -0.004924
298       0       0 -0.002733 0.001603 -0.005258
299       0       0 -0.001819 0.001310 -0.004827
300       0       0 -0.002128 0.001050 -0.004576
301       0       0 -0.001520 0.001593 -0.005055
302       0       0 -0.003227 0.000345 -0.003384
303       0       0 -0.003683 0.000335 -0.003301
304       0       0 -0.002771 0.000353 -0.003466
305       0       0 -0.002942 0.000211 -0.003045
306       0       0 -0.002314 0.000370 -0.003546
307       0       0 -0.002657 0.000089 -0.002704
308       0       0 -0.003111 0.000104 -0.002616
309       0       0 -0.005535 0.007664 -0.009567
310       0       0 -0.005036 0.007801 -0.009512
311       0       0 -0.005288 0.008159 -0.009760
312       0       0 -0.005783 0.007173 -0.009367
313       0       0 -0.006034 0.007530 -0.009619
314       0       0 -0.006033 0.006688 -0.009159
315       0       0 -0.005530 0.006813 -0.009121
316       0       0 -0.006534 0.007398 -0.009667
317       0       0 -0.006283 0.007883 -0.009875
318       0       0 -0.005777 0.009005 -0.010352
319       0       0 -0.005534 0.008585 -0.010051
320       0       0 -0.006029 0.008443 -0.010115
321       0       0 -0.001338 0.000168 -0.003016
322       0       0 -0.002007 0.000095 -0.002872
323       0       0 -0.001819 0.000252 -0.003283
324       0       0 -0.006795 0.006949 -0.009472
325       0       0 -0.006546 0.006597 -0.009215
326       0       0 -0.007059 0.006506 -0.009271
327       0       0 -0.008101 0.007731 -0.010274
328       0       0 -0.007738 0.008113 -0.010409
329       0       0 -0.007525 0.007855 -0.010191
330       0       0 -0.006273 0.001952 -0.005797
331       0       0 -0.006678 0.002223 -0.006098
332       0       0 -0.006774 0.001944 -0.005794
333       0       0 -0.005772 0.001964 -0.005799
334       0       0 -0.005868 0.001690 -0.005490
335       0       0 -0.005677 0.002253 -0.006096
336       0       0 -0.005964 0.001433 -0.005170
337       0       0 -0.007013 0.001285 -0.004951
338       0       0 -0.006894 0.001602 -0.005381
339       0       0 -0.006489 0.001356 -0.005062
340       0       0 -0.007024 0.003146 -0.006988
341       0       0 -0.006615 0.003114 -0.006932
342       0       0 -0.006939 0.002809 -0.006685
343       0       0 -0.006206 0.003082 -0.006876
344       0       0 -0.006854 0.002485 -0.006371
345       0       0 -0.004785 0.007366 -0.009236
346       0       0 -0.004532 0.006928 -0.008965
347       0       0 -0.005031 0.006870 -0.009044
348       0       0 -0.003943 0.000201 -0.002819
349       0       0 -0.003656 0.000104 -0.002471
350       0       0 -0.004202 0.000098 -0.002329
351       0       0 -0.005400 0.000535 -0.003708
352       0       0 -0.005281 0.000744 -0.004141
353       0       0 -0.004883 0.000580 -0.003831
354       0       0 -0.005162 0.000993 -0.004555
355       0       0 -0.004366 0.000631 -0.003951
356       0       0 -0.008211 0.003612 -0.007485
357       0       0 -0.007810 0.003748 -0.007555
358       0       0 -0.008612 0.003480 -0.007411
359       0       0 -0.008500 0.003835 -0.007703
360       0       0 -0.008390 0.004202 -0.007983
361       0       0 -0.007614 0.004038 -0.007758
362       0       0 -0.007905 0.004269 -0.007968
363       0       0 -0.007420 0.004337 -0.007952
364       0       0 -0.008196 0.004499 -0.008178
365       0       0 -0.007227 0.004643 -0.008136
366       0       0 -0.005853 0.002522 -0.006363
367       0       0 -0.006353 0.002502 -0.006368
368       0       0 -0.006029 0.002798 -0.006623
369       0       0 -0.004099 0.002581 -0.006281
370       0       0 -0.003950 0.002177 -0.005914
371       0       0 -0.004408 0.002339 -0.006099
372       0       0 -0.004053 0.001185 -0.004819
373       0       0 -0.004210 0.000889 -0.004395
374       0       0 -0.004607 0.001085 -0.004689
375       0       0 -0.006042 0.004403 -0.007814
376       0       0 -0.006258 0.004738 -0.008058
377       0       0 -0.005556 0.004421 -0.007761
378       0       0 -0.005826 0.004070 -0.007567
379       0       0 -0.005071 0.004439 -0.007708
380       0       0 -0.005288 0.004778 -0.007946
381       0       0 -0.005611 0.003741 -0.007317
382       0       0 -0.007500 0.004957 -0.008389
383       0       0 -0.007983 0.004880 -0.008416
384       0       0 -0.007773 0.005271 -0.008642
385       0       0 -0.008466 0.004803 -0.008442
386       0       0 -0.008045 0.005582 -0.008898
387       0       0 -0.005775 0.005537 -0.008465
388       0       0 -0.005531 0.005157 -0.008206
389       0       0 -0.006016 0.005134 -0.008266
390       0       0 -0.001935 0.002307 -0.005805
391       0       0 -0.001719 0.001939 -0.005439
392       0       0 -0.002338 0.001943 -0.005543
393       0       0 -0.010122 0.004470 -0.008468
394       0       0 -0.009940 0.004871 -0.008761
395       0       0 -0.009565 0.004589 -0.008468
396       0       0 -0.009735 0.005281 -0.009033
397       0       0 -0.009032 0.004715 -0.008474
398       0       0 -0.008609 0.005482 -0.008943
399       0       0 -0.008400 0.005877 -0.009164
400       0       0 -0.008819 0.005094 -0.008713
401       0       0 -0.009172 0.005381 -0.008988
402       0       0 -0.009523 0.005665 -0.009267
403       0       0 -0.006803 0.000216 -0.002505
404       0       0 -0.006289 0.000227 -0.002646
405       0       0 -0.006549 0.000325 -0.002992
406       0       0 -0.007057 0.000130 -0.002014
407       0       0 -0.007317 0.000208 -0.002363
408       0       0 -0.007310 0.000059 -0.001521
409       0       0 -0.006796 0.000059 -0.001664
410       0       0 -0.007830 0.000202 -0.002221
411       0       0 -0.007576 0.000297 -0.002711
412       0       0 -0.007361 0.000575 -0.003635
413       0       0 -0.006955 0.000441 -0.003316
414       0       0 -0.007469 0.000420 -0.003177
415       0       0 -0.004642 0.003674 -0.007157
416       0       0 -0.005127 0.003707 -0.007238
417       0       0 -0.004856 0.004054 -0.007436
418       0       0 -0.002811 0.003951 -0.007104
419       0       0 -0.002568 0.003530 -0.006803
420       0       0 -0.003103 0.003582 -0.006905
421       0       0 -0.009718 0.002556 -0.006578
422       0       0 -0.009781 0.002234 -0.006205
423       0       0 -0.010246 0.002445 -0.006486
424       0       0 -0.009845 0.001927 -0.005821
425       0       0 -0.010774 0.002336 -0.006393
426       0       0 -0.008689 0.006182 -0.009430
427       0       0 -0.009274 0.006080 -0.009500
428       0       0 -0.009002 0.006493 -0.009712
429       0       0 -0.009025 0.001245 -0.004833
430       0       0 -0.008594 0.001061 -0.004539
431       0       0 -0.009100 0.000995 -0.004400
432       0       0 -0.010358 0.001822 -0.005701
433       0       0 -0.010883 0.001720 -0.005580
434       0       0 -0.010834 0.002020 -0.005992
435       0       0 -0.003778 0.005654 -0.008194
436       0       0 -0.003524 0.005214 -0.007925
437       0       0 -0.004032 0.005218 -0.008010
438       0       0 -0.009371 0.000457 -0.003045
439       0       0 -0.008972 0.000361 -0.002733
440       0       0 -0.009456 0.000340 -0.002583
441       0       0 -0.010577 0.000811 -0.003966
442       0       0 -0.011038 0.000755 -0.003814
443       0       0 -0.011020 0.000954 -0.004275
444       0       0 -0.006033 0.000141 -0.002287
445       0       0 -0.005776 0.000066 -0.001928
446       0       0 -0.006286 0.000061 -0.001797
447       0       0 -0.008091 0.000126 -0.001735
448       0       0 -0.007830 0.000060 -0.001383
449       0       0 -0.008351 0.000062 -0.001246
450       0       0 -0.010176 0.000105 -0.001139
451       0       0 -0.010399 0.000158 -0.001475
452       0       0 -0.009952 0.000054 -0.000802
453       0       0 -0.010549 0.000050 -0.000647
454       0       0 -0.011146 0.000047 -0.000492
455       0       0 -0.010772 0.000151 -0.001366
456       0       0 -0.011146 0.000093 -0.000875
457       0       0 -0.011146 0.000144 -0.001258
458       0       0 0.005592 0.010073 -0.001531
459       0       0 0.005640 0.010045 -0.001149
460       0       0 0.005398 0.009753 -0.001640
461       0       0 0.005683 0.010020 -0.000766
462       0       0 0.005448 0.009725 -0.001258
463       0       0 0.005204 0.009434 -0.001748
464       0       0 0.005722 0.009998 -0.000383
465       0       0 0.005492 0.009699 -0.000875
466       0       0 0.005759 0.009976 -0.000000
467       0       0 0.005533 0.009676 -0.000492
468       0       0 0.005301 0.009378 -0.000984
469       0       0 0.005255 0.009405 -0.001366
470       0       0 0.005009 0.009115 -0.001856
471       0       0 0.005062 0.009085 -0.001475
472       0       0 0.004812 0.008797 -0.001964
473       0       0 0.005460 0.009460 -0.000155
474       0       0 0.005160 0.008944 -0.000310
475       0       0 0.005231 0.009161 -0.000647
476       0       0 0.004860 0.008428 -0.000465
477       0       0 0.004929 0.008646 -0.000802
478       0       0 0.004561 0.007912 -0.000621
479       0       0 0.004628 0.008131 -0.000957
480       0       0 0.004694 0.008351 -0.001293
481       0       0 0.004997 0.008865 -0.001139
482       0       0 0.004756 0.008572 -0.001629
483       0       0 0.004302 0.007460 -0.000757
484       0       0 0.004382 0.007715 -0.001110
485       0       0 0.004044 0.007007 -0.000895
486       0       0 0.004122 0.007263 -0.001246
487       0       0 0.004198 0.007521 -0.001598
488       0       0 0.003787 0.006554 -0.001032
489       0       0 0.003863 0.006811 -0.001383
490       0       0 0.003530 0.006101 -0.001170
491       0       0 0.003604 0.006360 -0.001521
492       0       0 0.003675 0.006619 -0.001872
493       0       0 0.003936 0.007070 -0.001735
494       0       0 0.004004 0.007331 -0.002085
495       0       0 0.003740 0.006882 -0.002221
496       0       0 0.003796 0.007150 -0.002570
497       0       0 0.003277 0.005659 -0.001304
498       0       0 0.003347 0.005915 -0.001664
499       0       0 0.003022 0.005217 -0.001437
500       0       0 0.003090 0.005475 -0.001797
501       0       0 0.003155 0.005734 -0.002156
502       0       0 0.002763 0.004778 -0.001568
503       0       0 0.002830 0.005035 -0.001928
504       0       0 0.002501 0.004339 -0.001698
505       0       0 0.002567 0.004598 -0.002058
506       0       0 0.002629 0.004859 -0.002418
507       0       0 0.002894 0.005295 -0.002287
508       0       0 0.002948 0.005560 -0.002646
509       0       0 0.002680 0.005125 -0.002776
510       0       0 0.002717 0.005399 -0.003131
511       0       0 0.004547 0.010579 -0.005024
512       0       0 0.004774 0.010479 -0.004582
513       0       0 0.004473 0.010116 -0.004725
514       0       0 0.004971 0.010388 -0.004126
515       0       0 0.004684 0.010020 -0.004275
516       0       0 0.004393 0.009656 -0.004423
517       0       0 0.005139 0.010308 -0.003660
518       0       0 0.004865 0.009937 -0.003814
519       0       0 0.005278 0.010239 -0.003184
520       0       0 0.005016 0.009864 -0.003341
521       0       0 0.004750 0.009491 -0.003498
522       0       0 0.004586 0.009565 -0.003966
523       0       0 0.004306 0.009200 -0.004117
524       0       0 0.004482 0.009119 -0.003653
525       0       0 0.004210 0.008749 -0.003807
526       0       0 0.004559 0.008385 -0.002116
527       0       0 0.004693 0.008768 -0.002432
528       0       0 0.004304 0.007974 -0.002267
529       0       0 0.004433 0.008359 -0.002583
530       0       0 0.004555 0.008749 -0.002897
531       0       0 0.004050 0.007562 -0.002418
532       0       0 0.004174 0.007951 -0.002733
533       0       0 0.003914 0.007542 -0.002883
534       0       0 0.004023 0.007939 -0.003194
535       0       0 0.004289 0.008344 -0.003045
536       0       0 0.004395 0.008742 -0.003356
537       0       0 0.004121 0.008341 -0.003502
538       0       0 -0.001755 0.006559 -0.007890
539       0       0 -0.002004 0.006112 -0.007812
540       0       0 -0.002251 0.006545 -0.008093
541       0       0 -0.002254 0.005665 -0.007733
542       0       0 -0.002503 0.006101 -0.008010
543       0       0 -0.002755 0.006538 -0.008283
544       0       0 -0.002505 0.005220 -0.007652
545       0       0 -0.002754 0.005659 -0.007925
546       0       0 -0.003008 0.006099 -0.008194
547       0       0 -0.003264 0.006538 -0.008459
548       0       0 0.003420 0.011002 -0.006680
549       0       0 0.003732 0.010898 -0.006283
550       0       0 0.003364 0.010498 -0.006393
551       0       0 0.004025 0.010792 -0.005875
552       0       0 0.003668 0.010392 -0.005992
553       0       0 0.003308 0.009994 -0.006107
554       0       0 0.004297 0.010684 -0.005456
555       0       0 0.003952 0.010285 -0.005580
556       0       0 0.004215 0.010178 -0.005155
557       0       0 0.003878 0.009779 -0.005283
558       0       0 0.003601 0.009882 -0.005701
559       0       0 0.003253 0.009490 -0.005821
560       0       0 0.003539 0.009382 -0.005410
561       0       0 0.003198 0.008986 -0.005535
562       0       0 0.003914 0.008335 -0.003953
563       0       0 0.003997 0.008786 -0.004260
564       0       0 0.003616 0.007922 -0.004098
565       0       0 0.003689 0.008378 -0.004400
566       0       0 0.003754 0.008839 -0.004699
567       0       0 0.003314 0.007511 -0.004242
568       0       0 0.003378 0.007973 -0.004539
569       0       0 0.003009 0.007102 -0.004384
570       0       0 0.003064 0.007569 -0.004676
571       0       0 0.003113 0.008039 -0.004965
572       0       0 0.003434 0.008438 -0.004833
573       0       0 0.003486 0.008907 -0.005124
574       0       0 0.003157 0.008512 -0.005251
575       0       0 -0.001739 0.011389 -0.010181
576       0       0 -0.001235 0.011453 -0.009995
577       0       0 -0.001624 0.010991 -0.009907
578       0       0 -0.000738 0.011493 -0.009789
579       0       0 -0.001122 0.011042 -0.009712
580       0       0 -0.001506 0.010590 -0.009637
581       0       0 -0.000249 0.011513 -0.009564
582       0       0 -0.000629 0.011071 -0.009500
583       0       0 0.000228 0.011513 -0.009319
584       0       0 -0.000145 0.011080 -0.009267
585       0       0 -0.000517 0.010646 -0.009215
586       0       0 -0.001009 0.010616 -0.009430
587       0       0 -0.001385 0.010186 -0.009373
588       0       0 -0.000890 0.010213 -0.009164
589       0       0 -0.001262 0.009779 -0.009113
590       0       0 0.003056 0.010602 -0.006769
591       0       0 0.003006 0.010095 -0.006486
592       0       0 0.002690 0.010205 -0.006855
593       0       0 0.002956 0.009588 -0.006205
594       0       0 0.002907 0.009080 -0.005924
595       0       0 0.002602 0.009183 -0.006302
596       0       0 0.002646 0.009694 -0.006578
597       0       0 0.002322 0.009809 -0.006940
598       0       0 0.002283 0.009294 -0.006668
599       0       0 0.001952 0.009414 -0.007022
600       0       0 -0.000857 0.005051 -0.006790
601       0       0 -0.001087 0.004558 -0.006692
602       0       0 -0.001320 0.004971 -0.007005
603       0       0 -0.001317 0.004064 -0.006593
604       0       0 -0.001550 0.004479 -0.006905
605       0       0 -0.001791 0.004899 -0.007207
606       0       0 -0.001547 0.003571 -0.006493
607       0       0 -0.001773 0.003989 -0.006803
608       0       0 -0.002016 0.004410 -0.007104
609       0       0 -0.002269 0.004833 -0.007396
610       0       0 -0.001309 0.006611 -0.007708
611       0       0 -0.001524 0.006176 -0.007625
612       0       0 -0.000868 0.006667 -0.007518
613       0       0 -0.001083 0.006232 -0.007436
614       0       0 -0.001297 0.005797 -0.007354
615       0       0 -0.000434 0.006729 -0.007317
616       0       0 -0.000647 0.006293 -0.007238
617       0       0 -0.000008 0.006799 -0.007103
618       0       0 -0.000218 0.006360 -0.007028
619       0       0 -0.000430 0.005923 -0.006950
620       0       0 -0.000860 0.005857 -0.007157
621       0       0 -0.001075 0.005422 -0.007077
622       0       0 -0.000643 0.005486 -0.006871
623       0       0 0.003531 0.006710 -0.002711
624       0       0 0.003644 0.007115 -0.003037
625       0       0 0.003263 0.006271 -0.002852
626       0       0 0.003371 0.006679 -0.003177
627       0       0 0.003465 0.007094 -0.003497
628       0       0 0.002992 0.005834 -0.002992
629       0       0 0.003095 0.006244 -0.003316
630       0       0 0.002816 0.005812 -0.003454
631       0       0 0.002896 0.006233 -0.003770
632       0       0 0.003183 0.006662 -0.003635
633       0       0 0.003255 0.007089 -0.003948
634       0       0 0.002960 0.006664 -0.004080
635       0       0 0.003478 0.006440 -0.002363
636       0       0 0.003416 0.006176 -0.002014
637       0       0 0.003215 0.006000 -0.002505
638       0       0 0.000294 0.011071 -0.009033
639       0       0 0.000362 0.010627 -0.008752
640       0       0 -0.000075 0.010633 -0.008988
641       0       0 0.000433 0.010180 -0.008474
642       0       0 -0.000002 0.010185 -0.008713
643       0       0 0.000506 0.009731 -0.008198
644       0       0 0.000074 0.009734 -0.008442
645       0       0 -0.000366 0.009743 -0.008675
646       0       0 -0.000443 0.010196 -0.008943
647       0       0 -0.000812 0.009759 -0.008898
648       0       0 0.000876 0.010134 -0.008186
649       0       0 0.000808 0.010578 -0.008468
650       0       0 0.001244 0.010538 -0.008171
651       0       0 0.000751 0.011044 -0.008761
652       0       0 0.000692 0.011496 -0.009054
653       0       0 0.001138 0.011462 -0.008768
654       0       0 0.001190 0.011001 -0.008468
655       0       0 0.001611 0.010943 -0.008155
656       0       0 0.001567 0.011413 -0.008462
657       0       0 0.001976 0.011350 -0.008136
658       0       0 0.000254 0.003715 -0.005335
659       0       0 -0.000022 0.003168 -0.005258
660       0       0 -0.000228 0.003536 -0.005631
661       0       0 -0.000309 0.002630 -0.005169
662       0       0 -0.000514 0.002997 -0.005543
663       0       0 -0.000734 0.003375 -0.005899
664       0       0 -0.000620 0.002112 -0.005055
665       0       0 -0.000820 0.002458 -0.005439
666       0       0 -0.001031 0.002829 -0.005805
667       0       0 -0.001251 0.003223 -0.006152
668       0       0 -0.000714 0.008198 -0.008114
669       0       0 -0.000974 0.007788 -0.008058
670       0       0 -0.001175 0.008184 -0.008326
671       0       0 -0.001234 0.007378 -0.008002
672       0       0 -0.001438 0.007777 -0.008266
673       0       0 -0.001643 0.008175 -0.008530
674       0       0 -0.001494 0.006969 -0.007946
675       0       0 -0.001700 0.007369 -0.008206
676       0       0 -0.001963 0.006961 -0.008147
677       0       0 -0.002172 0.007364 -0.008401
678       0       0 -0.001907 0.007770 -0.008465
679       0       0 -0.002114 0.008171 -0.008725
680       0       0 -0.002381 0.007768 -0.008656
681       0       0 -0.002590 0.008171 -0.008911
682       0       0 -0.001126 0.009385 -0.008860
683       0       0 -0.000678 0.009367 -0.008642
684       0       0 -0.000990 0.008991 -0.008609
685       0       0 -0.000235 0.009354 -0.008416
686       0       0 0.000202 0.009347 -0.008178
687       0       0 -0.000103 0.008964 -0.008158
688       0       0 -0.000543 0.008974 -0.008389
689       0       0 -0.000852 0.008595 -0.008361
690       0       0 -0.000408 0.008581 -0.008136
691       0       0 -0.000180 0.007145 -0.007362
692       0       0 -0.000612 0.007081 -0.007567
693       0       0 -0.000356 0.007494 -0.007616
694       0       0 -0.001050 0.007022 -0.007761
695       0       0 -0.000792 0.007434 -0.007814
696       0       0 -0.000534 0.007845 -0.007866
697       0       0 0.001746 0.005411 -0.004847
698       0       0 0.001721 0.004967 -0.004555
699       0       0 0.001384 0.004981 -0.004978
700       0       0 0.001685 0.004528 -0.004257
701       0       0 0.001364 0.004533 -0.004689
702       0       0 0.001015 0.004554 -0.005103
703       0       0 0.001636 0.004097 -0.003951
704       0       0 0.001335 0.004090 -0.004395
705       0       0 0.001573 0.003674 -0.003638
706       0       0 0.001298 0.003652 -0.004096
707       0       0 0.000980 0.003655 -0.004530
708       0       0 0.001001 0.004103 -0.004819
709       0       0 0.000639 0.004132 -0.005223
710       0       0 0.000631 0.003676 -0.004944
711       0       0 0.000619 0.005620 -0.006090
712       0       0 0.000531 0.005141 -0.005905
713       0       0 0.000265 0.005467 -0.006283
714       0       0 0.000440 0.004665 -0.005717
715       0       0 0.000178 0.004987 -0.006099
716       0       0 -0.000101 0.005322 -0.006463
717       0       0 0.000348 0.004189 -0.005527
718       0       0 0.000090 0.004509 -0.005914
719       0       0 -0.000000 0.004032 -0.005726
720       0       0 -0.000273 0.004361 -0.006098
721       0       0 -0.000186 0.004841 -0.006281
722       0       0 -0.000475 0.005183 -0.006631
723       0       0 -0.000559 0.004702 -0.006451
724       0       0 0.000434 0.006915 -0.006876
725       0       0 0.000157 0.006498 -0.006860
726       0       0 0.000862 0.007042 -0.006631
727       0       0 0.000591 0.006620 -0.006623
728       0       0 0.000318 0.006201 -0.006611
729       0       0 0.001275 0.007178 -0.006371
730       0       0 0.001010 0.006753 -0.006368
731       0       0 0.001675 0.007323 -0.006097
732       0       0 0.001414 0.006895 -0.006098
733       0       0 0.001152 0.006468 -0.006098
734       0       0 0.000743 0.006329 -0.006363
735       0       0 0.000472 0.005908 -0.006354
736       0       0 0.000887 0.006043 -0.006096
737       0       0 -0.000348 0.008209 -0.007934
738       0       0 -0.000046 0.008594 -0.007952
739       0       0 0.000012 0.008224 -0.007747
740       0       0 0.000256 0.008980 -0.007968
741       0       0 0.000556 0.009367 -0.007983
742       0       0 0.000607 0.009002 -0.007769
743       0       0 0.000310 0.008613 -0.007758
744       0       0 0.000365 0.008245 -0.007550
745       0       0 0.000659 0.008637 -0.007555
746       0       0 0.000711 0.008272 -0.007342
747       0       0 0.000882 0.009641 -0.007922
748       0       0 0.001248 0.009558 -0.007633
749       0       0 0.000929 0.009279 -0.007703
750       0       0 0.001605 0.009482 -0.007334
751       0       0 0.001293 0.009198 -0.007411
752       0       0 0.001646 0.009126 -0.007107
753       0       0 0.001337 0.008839 -0.007189
754       0       0 0.000977 0.008917 -0.007485
755       0       0 0.001026 0.008554 -0.007267
756       0       0 0.001864 0.004102 -0.003513
757       0       0 0.001939 0.004519 -0.003831
758       0       0 0.002153 0.004532 -0.003387
759       0       0 0.001996 0.004946 -0.004141
760       0       0 0.002038 0.005381 -0.004443
761       0       0 0.002301 0.005367 -0.004022
762       0       0 0.002237 0.004944 -0.003708
763       0       0 0.002438 0.004964 -0.003260
764       0       0 0.002528 0.005373 -0.003583
765       0       0 0.002221 0.003869 -0.001837
766       0       0 0.002299 0.004156 -0.002189
767       0       0 0.001945 0.003397 -0.001979
768       0       0 0.002016 0.003688 -0.002329
769       0       0 0.002085 0.003980 -0.002678
770       0       0 0.001677 0.002922 -0.002123
771       0       0 0.001738 0.003219 -0.002471
772       0       0 0.001418 0.002442 -0.002272
773       0       0 0.001465 0.002746 -0.002616
774       0       0 0.001513 0.003049 -0.002960
775       0       0 0.001797 0.003516 -0.002819
776       0       0 0.001847 0.003817 -0.003163
777       0       0 0.001551 0.003357 -0.003301
778       0       0 -0.002886 0.007763 -0.008842
779       0       0 -0.003135 0.008196 -0.009121
780       0       0 -0.003182 0.007355 -0.008771
781       0       0 -0.003434 0.007792 -0.009044
782       0       0 -0.003684 0.008227 -0.009321
783       0       0 -0.003480 0.006949 -0.008698
784       0       0 -0.003734 0.007389 -0.008965
785       0       0 -0.003987 0.007827 -0.009236
786       0       0 -0.004237 0.008262 -0.009512
787       0       0 0.001448 0.007551 -0.006423
788       0       0 0.001036 0.007414 -0.006685
789       0       0 0.001211 0.007786 -0.006739
790       0       0 0.000611 0.007285 -0.006932
791       0       0 0.000172 0.007167 -0.007164
792       0       0 0.000352 0.007535 -0.007223
793       0       0 0.000788 0.007656 -0.006988
794       0       0 0.000965 0.008026 -0.007045
795       0       0 0.000531 0.007904 -0.007282
796       0       0 0.001742 0.005882 -0.005170
797       0       0 0.002071 0.005829 -0.004737
798       0       0 0.001727 0.006358 -0.005485
799       0       0 0.002070 0.006297 -0.005062
800       0       0 0.002389 0.006250 -0.004623
801       0       0 0.001704 0.006838 -0.005794
802       0       0 0.002060 0.006771 -0.005381
803       0       0 0.002042 0.007249 -0.005693
804       0       0 0.002388 0.007187 -0.005273
805       0       0 0.002394 0.006716 -0.004951
806       0       0 0.002702 0.006675 -0.004505
807       0       0 0.002713 0.007137 -0.004837
808       0       0 0.001486 0.005451 -0.005175
809       0       0 0.001211 0.005498 -0.005492
810       0       0 0.001471 0.005927 -0.005490
811       0       0 0.000922 0.005555 -0.005798
812       0       0 0.001186 0.005981 -0.005799
813       0       0 0.001446 0.006409 -0.005797
814       0       0 -0.003319 0.009748 -0.009928
815       0       0 -0.003437 0.010037 -0.010123
816       0       0 -0.002924 0.010158 -0.009992
817       0       0 -0.003554 0.010324 -0.010321
818       0       0 -0.003040 0.010444 -0.010191
819       0       0 -0.002529 0.010568 -0.010055
820       0       0 -0.003669 0.010609 -0.010523
821       0       0 -0.003157 0.010758 -0.010409
822       0       0 -0.003783 0.010891 -0.010729
823       0       0 -0.003272 0.011054 -0.010625
824       0       0 -0.002760 0.011191 -0.010498
825       0       0 -0.002645 0.010881 -0.010274
826       0       0 -0.002134 0.010979 -0.010118
827       0       0 -0.002248 0.011302 -0.010350
828       0       0 -0.001594 0.009377 -0.009062
829       0       0 -0.001771 0.009765 -0.009327
830       0       0 -0.001926 0.008975 -0.009012
831       0       0 -0.002106 0.009366 -0.009271
832       0       0 -0.002283 0.009755 -0.009534
833       0       0 -0.002258 0.008573 -0.008962
834       0       0 -0.002440 0.008967 -0.009215
835       0       0 -0.002775 0.008569 -0.009159
836       0       0 -0.002958 0.008964 -0.009411
837       0       0 -0.002621 0.009360 -0.009472
838       0       0 -0.002800 0.009749 -0.009734
839       0       0 -0.003140 0.009358 -0.009667
840       0       0 0.000559 0.002148 -0.003939
841       0       0 0.000836 0.002189 -0.003546
842       0       0 0.000415 0.001660 -0.003681
843       0       0 0.001063 0.002258 -0.003130
844       0       0 0.000691 0.001702 -0.003283
845       0       0 0.000237 0.001198 -0.003401
846       0       0 0.001252 0.002345 -0.002704
847       0       0 0.000921 0.001785 -0.002872
848       0       0 0.001113 0.001873 -0.002450
849       0       0 0.000769 0.001318 -0.002611
850       0       0 0.000524 0.001243 -0.003016
851       0       0 0.000022 0.000772 -0.003099
852       0       0 0.000331 0.000796 -0.002733
853       0       0 -0.003685 0.009383 -0.009875
854       0       0 -0.003927 0.009802 -0.010176
855       0       0 -0.004053 0.009020 -0.009819
856       0       0 -0.004297 0.009443 -0.010115
857       0       0 -0.004538 0.009860 -0.010420
858       0       0 -0.004422 0.008660 -0.009760
859       0       0 -0.004668 0.009085 -0.010051
860       0       0 -0.004911 0.009505 -0.010352
861       0       0 -0.005149 0.009919 -0.010662
862       0       0 -0.003504 0.008990 -0.009619
863       0       0 -0.003321 0.008595 -0.009367
864       0       0 -0.003870 0.008625 -0.009567
865       0       0 0.001288 0.002654 -0.003045
866       0       0 0.001080 0.002576 -0.003466
867       0       0 0.000826 0.002522 -0.003871
868       0       0 0.001078 0.002904 -0.003794
869       0       0 0.001315 0.002967 -0.003384
870       0       0 0.001326 0.003289 -0.003716
871       0       0 0.000215 0.001985 -0.004214
872       0       0 0.000506 0.002526 -0.004305
873       0       0 -0.000159 0.001847 -0.004466
874       0       0 0.000155 0.002368 -0.004576
875       0       0 0.000435 0.002914 -0.004659
876       0       0 -0.000552 0.001729 -0.004698
877       0       0 -0.000225 0.002230 -0.004827
878       0       0 0.000075 0.002764 -0.004924
879       0       0 0.000350 0.003311 -0.005002
880       0       0 0.001879 0.008893 -0.006788
881       0       0 0.002208 0.008776 -0.006431
882       0       0 0.001810 0.008371 -0.006557
883       0       0 0.002522 0.008667 -0.006061
884       0       0 0.002822 0.008567 -0.005680
885       0       0 0.002444 0.008150 -0.005822
886       0       0 0.002134 0.008256 -0.006196
887       0       0 0.001742 0.007847 -0.006326
888       0       0 0.002062 0.007735 -0.005962
889       0       0 0.002789 0.008089 -0.005401
890       0       0 0.002753 0.007612 -0.005120
891       0       0 0.002417 0.007668 -0.005549
892       0       0 0.004940 0.009152 -0.002271
893       0       0 0.005060 0.009510 -0.002577
894       0       0 0.005138 0.009469 -0.002164
895       0       0 0.005173 0.009873 -0.002882
896       0       0 0.005261 0.009827 -0.002470
897       0       0 0.005378 0.010189 -0.002775
898       0       0 0.005462 0.010145 -0.002363
899       0       0 0.005336 0.009788 -0.002056
900       0       0 0.005532 0.010106 -0.001948
901       0       0 0.004254 0.007745 -0.001933
902       0       0 0.004505 0.008159 -0.001781
903       0       0 0.004445 0.007936 -0.001446
904       0       0 0.004657 0.009118 -0.003198
905       0       0 0.004916 0.009495 -0.003040
906       0       0 0.004808 0.009129 -0.002737
907       0       0 -0.002968 0.006947 -0.008527
908       0       0 -0.002674 0.007357 -0.008592
909       0       0 -0.002463 0.006951 -0.008343
910       0       0 0.003818 0.009308 -0.004992
911       0       0 0.004147 0.009711 -0.004859
912       0       0 0.004075 0.009246 -0.004562
913       0       0 0.001955 0.009900 -0.007298
914       0       0 0.001960 0.010385 -0.007575
915       0       0 0.002331 0.010291 -0.007221
916       0       0 0.001967 0.010869 -0.007855
917       0       0 0.002350 0.010788 -0.007508
918       0       0 0.002368 0.011276 -0.007795
919       0       0 0.002738 0.011192 -0.007438
920       0       0 0.002714 0.010699 -0.007146
921       0       0 0.003089 0.011100 -0.007066
922       0       0 -0.002020 0.005280 -0.007474
923       0       0 -0.001772 0.005728 -0.007550
924       0       0 -0.001544 0.005348 -0.007281
925       0       0 0.003546 0.007505 -0.003800
926       0       0 0.003835 0.007922 -0.003652
927       0       0 0.003745 0.007516 -0.003346
928       0       0 0.001607 0.010458 -0.007878
929       0       0 0.001605 0.009971 -0.007605
930       0       0 0.001245 0.010049 -0.007901
931       0       0 -0.001020 0.003715 -0.006253
932       0       0 -0.000789 0.004208 -0.006353
933       0       0 -0.000502 0.003867 -0.006000
934       0       0 -0.001785 0.008576 -0.008769
935       0       0 -0.001456 0.008981 -0.008814
936       0       0 -0.001316 0.008583 -0.008569
937       0       0 0.000735 0.004604 -0.005417
938       0       0 0.000830 0.005079 -0.005608
939       0       0 0.001115 0.005025 -0.005299
940       0       0 -0.000263 0.005620 -0.006710
941       0       0 -0.000052 0.006058 -0.006786
942       0       0 0.000109 0.005760 -0.006538
943       0       0 0.000183 0.007879 -0.007487
944       0       0 0.000001 0.007512 -0.007425
945       0       0 -0.000172 0.007859 -0.007681
946       0       0 0.002405 0.004688 -0.002906
947       0       0 0.002357 0.004419 -0.002548
948       0       0 0.002127 0.004252 -0.003035
949       0       0 0.002659 0.006233 -0.004205
950       0       0 0.002602 0.005798 -0.003898
951       0       0 0.002352 0.005805 -0.004326
952       0       0 -0.002016 0.010577 -0.009849
953       0       0 -0.001895 0.010173 -0.009585
954       0       0 -0.002408 0.010163 -0.009792
955       0       0 -0.000148 0.001065 -0.003651
956       0       0 -0.000340 0.001386 -0.004188
957       0       0 0.000054 0.001507 -0.003946
958       0       0 -0.005282 0.010245 -0.010900
959       0       0 -0.004791 0.010488 -0.010868
960       0       0 -0.004665 0.010176 -0.010641
961       0       0 -0.004290 0.010703 -0.010811
962       0       0 -0.004172 0.010406 -0.010595
963       0       0 -0.004045 0.010090 -0.010373
964       0       0 0.000709 0.003283 -0.004596
965       0       0 0.001038 0.003275 -0.004168
966       0       0 0.000776 0.002898 -0.004239
967       0       0 0.001512 0.008077 -0.006649
968       0       0 0.001273 0.008313 -0.006962
969       0       0 0.001577 0.008602 -0.006877
970       0       0 -0.005760 0.009977 -0.010905
971       0       0 -0.000564 0.000977 -0.003871
972       0       0 -0.000737 0.001276 -0.004417
973       0       0 -0.000910 0.001576 -0.004854
974       0       0 -0.000391 0.000677 -0.003325
975       0       0 -0.000218 0.000378 -0.002779
976       0       0 -0.001777 0.003079 -0.006394
977       0       0 -0.002758 0.004776 -0.007566
978       0       0 -0.003779 0.006545 -0.008621
979       0       0 -0.004793 0.008302 -0.009697
980       0       0 -0.005524 0.009568 -0.010586
981       0       0 -0.005284 0.009153 -0.010280
982       0       0 -0.005040 0.008730 -0.009983
983       0       0 -0.009132 0.000006 -0.000621
984       0       0 -0.008611 0.000004 -0.000757
985       0       0 -0.008090 0.000001 -0.000895
986       0       0 -0.007570 -0.000003 -0.001032
987       0       0 -0.007049 -0.000007 -0.001170
988       0       0 -0.006539 -0.000009 -0.001304
989       0       0 -0.006029 -0.000008 -0.001437
990       0       0 -0.005519 -0.000004 -0.001568
991       0       0 -0.005008 0.000003 -0.001698
992       0       0 -0.011435 0.001352 -0.005024
993       0       0 -0.011462 0.001105 -0.004582
994       0       0 -0.011482 0.000889 -0.004126
995       0       0 -0.011496 0.000704 -0.003660
996       0       0 -0.011507 0.000549 -0.003184
997       0       0 -0.003005 0.005221 -0.007838
998       0       0 -0.003263 0.005662 -0.008102
999       0       0 -0.003521 0.006103 -0.008362
1000       0       0 -0.011238 0.002539 -0.006680
1001       0       0 -0.011304 0.002217 -0.006283
1002       0       0 -0.011358 0.001910 -0.005875
1003       0       0 -0.011401 0.001620 -0.005456
1004       0       0 -0.008993 0.007201 -0.010181
1005       0       0 -0.009301 0.006796 -0.009995
1006       0       0 -0.009585 0.006386 -0.009789
1007       0       0 -0.009846 0.005972 -0.009564
1008       0       0 -0.010085 0.005559 -0.009319
1009       0       0 -0.002002 0.003497 -0.006703
1010       0       0 -0.002243 0.003922 -0.007001
1011       0       0 -0.002493 0.004351 -0.007289
1012       0       0 -0.010302 0.005149 -0.009054
1013       0       0 -0.010496 0.004745 -0.008768
1014       0       0 -0.010667 0.004349 -0.008462
1015       0       0 -0.010818 0.003964 -0.008136
1016       0       0 -0.001105 0.001930 -0.005236
1017       0       0 -0.001310 0.002269 -0.005623
1018       0       0 -0.001533 0.002655 -0.005983
1019       0       0 -0.004461 0.000011 -0.001837
1020       0       0 -0.003914 0.000014 -0.001979
1021       0       0 -0.003368 0.000009 -0.002123
1022       0       0 -0.002824 -0.000007 -0.002272
1023       0       0 -0.004035 0.006988 -0.008882
1024       0       0 -0.004289 0.007430 -0.009147
1025       0       0 -0.004543 0.007868 -0.009418
1026       0       0 -0.007937 0.008361 -0.010625
1027       0       0 -0.007540 0.008722 -0.010729
1028       0       0 -0.008312 0.007985 -0.010498
1029       0       0 -0.008664 0.007598 -0.010350
1030       0       0 -0.002178 -0.000027 -0.002450
1031       0       0 -0.001526 -0.000007 -0.002611
1032       0       0 -0.000855 0.000111 -0.002733
1033       0       0 -0.011513 0.000437 -0.002775
1034       0       0 -0.011517 0.000343 -0.002363
1035       0       0 -0.011519 0.000262 -0.001948
1036       0       0 -0.011519 0.000193 -0.001531
1037       0       0 -0.010949 0.003588 -0.007795
1038       0       0 -0.011062 0.003225 -0.007438
1039       0       0 -0.011158 0.002875 -0.007066
1040       0       0 -0.006232 0.009697 -0.010900
1041       0       0 -0.006687 0.009393 -0.010868
1042       0       0 -0.007124 0.009067 -0.010811
1043       0       0 -0.011520 0.000138 -0.001149
1044       0       0 -0.011519 0.000089 -0.000766
1045       0       0 -0.011519 0.000044 -0.000383
1046       0       0 -0.011519 0.000000 -0.000000
1047       0       0 -0.010923 0.000001 -0.000155
1048       0       0 -0.010326 0.000003 -0.000310
1049       0       0 -0.009729 0.000005 -0.000465